s_im1 -> s_i             [ID_im1, ID_i]
1 -> 2             [[481, 439], [961, 1055], [763, 584], [1840, 1745], [725, 672], [1478, 1401], [89, 85], [879, 822], [372, 346], [308, 287], [16, 15], [274, 258], [1979, 1882], [1361, 1280], [1870, 2015], [79, 75], [18, 17], [515, 471], [194, 184], [66, 62], [7, 7], [288, 270], [631, 582], [1066, 1002], [1151, 1083], [723, 231], [200, 189], [167, 159], [435, 396], [219, 206], [585, 539], [265, 248], [26, 24], [327, 306], [60, 56], [215, 202], [4, 4], [142, 135], [301, 281], [9, 9], [88, 84], [40, 37], [0, 0], [222, 209], [94, 96]]
2 -> 3             [[1330, 1412], [1409, 2036], [16, 17], [1745, 1836], [672, 717], [1308, 1390], [1401, 1482], [85, 89], [822, 871], [86, 90], [346, 365], [287, 304], [15, 16], [434, 463], [1882, 1972], [1280, 1358], [2015, 2114], [17, 18], [471, 504], [75, 81], [184, 188], [270, 286], [582, 625], [1002, 1062], [1083, 1150], [231, 715], [189, 194], [396, 427], [159, 163], [206, 211], [247, 262], [539, 573], [248, 263], [210, 216], [67, 74], [24, 25], [306, 324], [202, 207], [4, 4], [135, 138], [281, 297], [9, 9], [84, 88], [37, 39], [209, 214], [0, 0], [96, 100]]
3 -> 4             [[1412, 1409], [2036, 1494], [469, 466], [580, 766], [1836, 1844], [717, 339], [1482, 1480], [1390, 1383], [89, 87], [871, 878], [365, 365], [90, 240], [304, 305], [112, 60], [16, 16], [272, 271], [1358, 1354], [1972, 1984], [2114, 1877], [504, 499], [81, 80], [18, 18], [733, 741], [188, 187], [68, 66], [286, 286], [625, 626], [1062, 1068], [1150, 1158], [715, 722], [194, 193], [427, 423], [163, 163], [211, 211], [262, 260], [573, 573], [263, 261], [216, 216], [25, 24], [324, 325], [207, 207], [4, 182], [138, 90], [9, 9], [88, 86], [39, 38], [0, 0], [214, 214], [100, 98]]
4 -> 5             [[1409, 1403], [766, 763], [1844, 1844], [339, 722], [1480, 1485], [1383, 1390], [878, 867], [87, 90], [365, 359], [305, 303], [16, 16], [1984, 1986], [1354, 1359], [271, 269], [1877, 1714], [499, 505], [18, 18], [828, 820], [80, 81], [187, 187], [66, 67], [286, 284], [626, 625], [1068, 1059], [1158, 1152], [722, 720], [193, 193], [423, 421], [163, 163], [211, 211], [260, 259], [573, 578], [216, 215], [24, 25], [325, 321], [207, 207], [182, 4], [90, 140], [297, 295], [9, 9], [86, 89], [38, 38], [0, 0], [214, 214], [98, 101]]
5 -> 6             [[763, 570], [1844, 1801], [722, 701], [1158, 1129], [1485, 1460], [867, 847], [303, 299], [359, 355], [16, 16], [458, 454], [19, 19], [1986, 1940], [1359, 1333], [1714, 1671], [505, 496], [18, 18], [81, 80], [187, 185], [284, 280], [625, 613], [1059, 1035], [1152, 1123], [720, 249], [193, 191], [421, 417], [211, 209], [259, 255], [578, 563], [73, 72], [25, 24], [321, 90], [207, 205], [4, 4], [140, 141], [295, 291], [9, 9], [89, 87], [38, 38], [0, 0], [214, 212], [101, 94]]
6 -> 7             [[701, 722], [1801, 1811], [1460, 1466], [1362, 1376], [88, 91], [847, 872], [111, 64], [355, 361], [299, 300], [3, 3], [16, 16], [454, 460], [1940, 1943], [1333, 1346], [266, 268], [1671, 1682], [496, 507], [18, 18], [80, 80], [796, 825], [185, 190], [7, 7], [1035, 1056], [613, 627], [1123, 1144], [249, 720], [191, 195], [417, 423], [163, 166], [209, 212], [255, 258], [563, 574], [61, 64], [24, 25], [90, 320], [205, 208], [4, 4], [141, 94], [291, 293], [9, 9], [87, 90], [38, 39], [212, 215], [0, 0], [94, 102]]
7 -> 8             [[1399, 1373], [763, 735], [1811, 1787], [1150, 1130], [722, 691], [1466, 1439], [91, 86], [872, 841], [300, 294], [361, 350], [16, 16], [1943, 1922], [1346, 1320], [1682, 1663], [80, 77], [507, 488], [18, 18], [190, 182], [7, 7], [282, 276], [627, 604], [1056, 1033], [1144, 1123], [720, 231], [195, 188], [423, 408], [212, 207], [258, 252], [574, 560], [19, 19], [216, 211], [32, 32], [25, 25], [320, 314], [64, 59], [208, 203], [4, 4], [94, 137], [293, 287], [9, 9], [90, 85], [39, 38], [0, 0], [215, 210], [102, 98]]
8 -> 9             [[1274, 1284], [17, 17], [735, 746], [1787, 1796], [691, 704], [1439, 1444], [1351, 1354], [841, 857], [87, 234], [294, 299], [350, 356], [3, 3], [16, 16], [1320, 1327], [261, 264], [1922, 1939], [1663, 2088], [488, 494], [792, 805], [77, 78], [18, 18], [710, 722], [182, 184], [7, 7], [64, 66], [276, 280], [604, 607], [1033, 1043], [1123, 149], [231, 702], [188, 189], [408, 414], [162, 160], [207, 208], [560, 558], [252, 254], [253, 255], [211, 213], [25, 25], [59, 61], [314, 268], [203, 204], [4, 4], [137, 136], [287, 291], [9, 9], [85, 88], [38, 39], [0, 0], [210, 211], [98, 100]]
9 -> 10             [[1284, 1295], [746, 571], [704, 712], [1796, 1809], [1444, 1465], [1354, 1371], [89, 88], [857, 863], [356, 360], [299, 299], [16, 16], [1327, 1344], [1939, 1954], [2088, 1679], [494, 494], [18, 18], [78, 79], [184, 184], [7, 7], [280, 284], [607, 614], [1043, 1049], [149, 1140], [702, 710], [189, 190], [414, 416], [254, 258], [208, 209], [558, 564], [25, 23], [61, 61], [268, 319], [204, 205], [4, 4], [136, 135], [291, 293], [9, 9], [88, 87], [39, 37], [0, 0], [211, 212], [100, 92]]
10 -> 11             [[458, 467], [571, 750], [17, 16], [1809, 1800], [712, 707], [1465, 1455], [1371, 1373], [88, 90], [863, 859], [360, 358], [299, 299], [3, 2], [16, 15], [1954, 1937], [1344, 1345], [268, 264], [1679, 2081], [494, 500], [18, 17], [79, 79], [184, 186], [284, 279], [1049, 1052], [1140, 582], [710, 235], [190, 192], [416, 420], [161, 164], [209, 210], [258, 254], [564, 564], [259, 255], [214, 215], [23, 24], [319, 47], [205, 206], [4, 3], [135, 140], [293, 291], [9, 8], [87, 89], [37, 38], [212, 213], [27, 28], [0, 0], [92, 102]]
11 -> 12             [[467, 466], [1395, 893], [1002, 58], [159, 19], [1800, 1784], [707, 713], [1455, 1446], [1373, 1360], [859, 861], [91, 237], [358, 362], [299, 302], [2, 3], [15, 16], [1345, 1334], [1937, 1918], [2081, 2059], [500, 503], [79, 76], [17, 18], [724, 728], [279, 282], [612, 618], [1052, 1042], [582, 1131], [235, 711], [192, 189], [164, 161], [420, 422], [210, 208], [564, 572], [254, 258], [215, 213], [24, 23], [47, 322], [206, 204], [3, 4], [140, 136], [291, 295], [8, 9], [89, 84], [38, 35], [213, 211], [0, 0], [102, 96]]
12 -> 13             [[17, 17], [752, 741], [1784, 1779], [713, 702], [1446, 1440], [85, 86], [861, 851], [362, 348], [302, 293], [3, 3], [16, 16], [1334, 1324], [1918, 1918], [2059, 2058], [18, 18], [76, 77], [503, 491], [728, 717], [502, 490], [184, 1090], [7, 7], [282, 275], [618, 603], [1042, 1030], [1131, 1119], [711, 700], [189, 188], [422, 409], [161, 160], [208, 204], [258, 251], [572, 559], [213, 209], [23, 25], [58, 60], [322, 312], [204, 201], [4, 179], [136, 135], [295, 221], [9, 9], [84, 85], [35, 39], [211, 207], [0, 0], [96, 97]]
13 -> 14             [[1284, 1277], [1377, 1369], [741, 564], [702, 701], [1779, 1783], [1440, 1435], [1354, 1345], [86, 88], [851, 851], [293, 299], [348, 351], [20, 19], [16, 16], [1918, 1921], [1324, 1318], [2058, 2067], [491, 484], [77, 80], [18, 18], [717, 718], [603, 610], [1030, 1035], [1119, 1121], [700, 699], [188, 188], [409, 407], [160, 160], [204, 206], [251, 255], [559, 558], [252, 256], [60, 63], [312, 89], [201, 202], [179, 4], [135, 135], [221, 291], [9, 9], [85, 87], [39, 38], [207, 209], [0, 0], [97, 99]]
14 -> 15             [[1277, 1279], [17, 17], [1783, 1781], [88, 88], [701, 710], [1435, 1440], [851, 855], [234, 89], [299, 292], [351, 350], [16, 16], [1318, 1318], [1921, 1926], [3, 3], [2067, 1815], [484, 489], [18, 18], [80, 78], [718, 726], [7, 7], [280, 275], [610, 614], [1035, 1045], [1121, 1122], [188, 188], [699, 234], [407, 410], [206, 207], [255, 4], [558, 562], [211, 211], [24, 25], [89, 311], [63, 61], [202, 203], [4, 178], [135, 93], [291, 285], [9, 9], [87, 87], [38, 38], [0, 0], [209, 210], [99, 100]]
15 -> 16             [[1987, 1444], [1373, 1364], [1279, 1267], [567, 562], [453, 447], [710, 694], [1781, 1767], [1348, 1335], [1440, 1433], [855, 834], [88, 86], [292, 290], [350, 345], [16, 16], [1926, 1908], [1318, 1305], [1815, 1794], [78, 76], [804, 788], [18, 18], [489, 483], [726, 709], [66, 64], [275, 270], [614, 601], [1045, 1028], [1122, 1111], [188, 186], [234, 227], [410, 404], [158, 157], [207, 205], [4, 246], [562, 555], [211, 209], [25, 24], [61, 59], [311, 309], [203, 201], [178, 177], [93, 132], [285, 282], [9, 9], [87, 85], [38, 37], [210, 208], [0, 0], [100, 97]]
16 -> 17             [[310, 306], [1267, 1256], [562, 733], [1767, 1757], [694, 692], [1335, 1326], [1433, 1420], [834, 838], [87, 86], [345, 339], [290, 286], [3, 3], [16, 16], [1305, 1298], [1908, 1890], [1794, 1786], [483, 480], [76, 78], [18, 18], [709, 709], [7, 7], [270, 267], [601, 598], [1028, 1026], [1111, 1107], [227, 220], [186, 181], [404, 399], [157, 156], [205, 199], [246, 241], [555, 551], [247, 242], [209, 189], [309, 305], [59, 59], [201, 195], [177, 4], [132, 133], [282, 278], [9, 9], [85, 84], [37, 37], [0, 0], [208, 202], [97, 97]]
17 -> 18             [[1080, 920], [17, 16], [1256, 1251], [446, 453], [1349, 871], [1757, 1750], [692, 694], [1420, 1410], [85, 86], [838, 837], [1326, 1320], [86, 1164], [286, 291], [339, 346], [16, 15], [252, 258], [1890, 1884], [1298, 1290], [1786, 2020], [78, 77], [18, 17], [480, 490], [709, 710], [64, 64], [267, 273], [1026, 1029], [1107, 1103], [220, 692], [181, 185], [399, 408], [199, 204], [241, 248], [551, 557], [70, 70], [24, 24], [305, 311], [195, 200], [4, 3], [133, 134], [278, 285], [9, 8], [84, 85], [37, 38], [202, 207], [0, 0], [97, 91]]
18 -> 19             [[1943, 1955], [731, 733], [1251, 1244], [1750, 1751], [694, 694], [1410, 1398], [837, 836], [1164, 90], [346, 352], [291, 296], [15, 16], [1290, 1284], [1884, 1892], [2020, 2029], [17, 18], [77, 78], [603, 602], [1029, 1019], [1103, 1099], [692, 692], [185, 190], [370, 373], [408, 412], [160, 161], [204, 209], [248, 252], [557, 553], [249, 253], [208, 213], [24, 24], [311, 315], [200, 205], [3, 181], [134, 137], [285, 288], [8, 9], [85, 88], [38, 37], [0, 0], [207, 212], [91, 100]]
19 -> 20             [[733, 563], [1244, 1249], [1955, 1938], [694, 689], [1751, 1744], [1398, 1410], [1312, 1319], [89, 90], [836, 831], [90, 91], [296, 298], [352, 351], [16, 16], [3, 3], [1892, 1883], [1284, 1287], [490, 494], [2029, 1619], [18, 18], [78, 81], [276, 278], [602, 599], [1099, 1097], [1019, 1014], [190, 193], [412, 415], [209, 211], [252, 255], [553, 556], [253, 256], [213, 215], [24, 25], [315, 317], [205, 208], [181, 184], [137, 140], [288, 290], [9, 9], [88, 89], [37, 38], [0, 0], [212, 214], [100, 103]]
20 -> 21             [[17, 17], [1249, 1239], [1938, 1934], [462, 449], [563, 554], [689, 686], [1744, 1738], [1410, 1400], [1319, 1308], [90, 85], [831, 825], [351, 349], [298, 294], [16, 16], [1883, 1872], [1287, 1280], [1619, 1616], [494, 483], [18, 18], [81, 77], [66, 64], [278, 274], [599, 594], [1097, 1087], [1014, 1006], [234, 684], [193, 189], [375, 372], [415, 406], [165, 158], [211, 207], [255, 249], [215, 211], [32, 30], [25, 23], [317, 314], [208, 203], [184, 179], [140, 133], [290, 286], [9, 9], [89, 84], [38, 37], [0, 0], [214, 210], [103, 96]]
21 -> 22             [[1332, 1320], [1934, 1401], [1239, 1226], [17, 16], [554, 548], [686, 680], [1738, 1724], [1308, 1295], [1400, 1387], [825, 814], [349, 343], [294, 290], [3, 2], [16, 15], [259, 260], [1872, 1859], [1280, 1267], [1616, 1755], [483, 1209], [18, 17], [77, 77], [7, 6], [64, 63], [274, 273], [594, 587], [1006, 997], [1087, 1077], [684, 678], [189, 185], [406, 401], [158, 157], [207, 203], [249, 250], [547, 542], [250, 251], [211, 207], [23, 23], [314, 308], [203, 199], [179, 176], [133, 132], [286, 284], [9, 8], [84, 83], [37, 36], [0, 0], [210, 206], [96, 97]]
22 -> 23             [[1395, 503], [1226, 1228], [1401, 1911], [548, 718], [16, 17], [680, 681], [1724, 1722], [84, 87], [1387, 1385], [1295, 1299], [814, 825], [85, 224], [343, 343], [290, 289], [15, 16], [1267, 1270], [1859, 1851], [1755, 1986], [77, 79], [17, 18], [694, 694], [63, 65], [273, 269], [587, 590], [997, 999], [1077, 1083], [678, 679], [185, 184], [401, 403], [203, 201], [250, 244], [542, 545], [251, 245], [207, 206], [69, 71], [23, 25], [308, 307], [199, 197], [176, 174], [132, 133], [284, 281], [8, 9], [83, 86], [36, 38], [0, 0], [206, 204], [97, 92]]
23 -> 24             [[17, 17], [446, 438], [718, 540], [1325, 1304], [1228, 1215], [1722, 1697], [681, 666], [1385, 1368], [825, 809], [1299, 1278], [224, 225], [289, 292], [343, 344], [3, 3], [16, 16], [1270, 1253], [1851, 1822], [1986, 1574], [79, 79], [775, 759], [18, 18], [269, 272], [590, 576], [999, 983], [1083, 1067], [184, 184], [679, 664], [365, 364], [403, 399], [201, 201], [244, 247], [545, 534], [206, 205], [25, 25], [307, 310], [197, 197], [174, 4], [133, 138], [281, 284], [9, 9], [86, 87], [38, 39], [204, 204], [0, 0], [92, 100]]
24 -> 25             [[1215, 1199], [1880, 1883], [540, 537], [1697, 1696], [666, 662], [1071, 1058], [1368, 1353], [809, 797], [88, 87], [111, 61], [292, 284], [344, 335], [16, 16], [257, 253], [1253, 1237], [1822, 1827], [1574, 1410], [18, 18], [759, 751], [79, 78], [680, 676], [272, 266], [1067, 548], [664, 660], [184, 180], [399, 393], [160, 153], [201, 197], [534, 531], [248, 244], [25, 25], [310, 302], [197, 194], [4, 4], [138, 91], [284, 276], [9, 9], [87, 86], [39, 38], [204, 200], [0, 0], [100, 99]]
25 -> 26             [[1022, 883], [1883, 1364], [1199, 1201], [436, 433], [537, 702], [662, 664], [1696, 1683], [1353, 1351], [797, 807], [335, 340], [284, 287], [3, 2], [16, 15], [1237, 1239], [1827, 1808], [1410, 1557], [78, 80], [18, 17], [751, 760], [7, 6], [575, 574], [974, 980], [548, 1061], [180, 186], [660, 662], [358, 358], [393, 394], [153, 158], [197, 204], [243, 3], [531, 531], [201, 209], [25, 24], [302, 306], [61, 60], [194, 200], [4, 176], [91, 91], [276, 280], [9, 8], [86, 86], [38, 36], [200, 207], [0, 0], [99, 99]]
26 -> 27             [[832, 818], [1358, 1335], [1364, 1835], [1201, 1182], [16, 16], [1290, 1268], [664, 658], [1683, 1650], [1351, 1327], [1265, 1248], [87, 85], [807, 792], [88, 218], [287, 278], [340, 330], [2, 2], [15, 15], [254, 245], [1239, 1222], [1808, 1780], [1557, 1677], [17, 17], [760, 746], [80, 77], [256, 247], [65, 64], [268, 260], [574, 572], [980, 971], [1061, 1049], [162, 157], [662, 656], [186, 181], [394, 389], [204, 198], [3, 235], [531, 526], [245, 236], [209, 202], [24, 23], [306, 295], [200, 194], [176, 173], [91, 129], [280, 270], [8, 8], [86, 84], [36, 35], [207, 201], [0, 0], [99, 89]]
27 -> 28             [[1335, 478], [1835, 1843], [1182, 1182], [16, 16], [532, 672], [1268, 1266], [428, 419], [658, 634], [1650, 1653], [85, 85], [1327, 1325], [792, 776], [278, 281], [330, 333], [2, 3], [15, 15], [1780, 1783], [1222, 1216], [1677, 1917], [77, 77], [17, 17], [260, 265], [971, 956], [572, 555], [1049, 531], [656, 632], [181, 181], [389, 385], [152, 156], [198, 199], [526, 515], [236, 241], [202, 203], [69, 69], [23, 24], [295, 298], [194, 195], [173, 172], [129, 132], [270, 275], [8, 8], [84, 84], [35, 37], [201, 202], [0, 0], [89, 97]]
28 -> 29             [[857, 986], [478, 1311], [1182, 1156], [1843, 1798], [16, 16], [672, 674], [1266, 1241], [419, 412], [1653, 1617], [634, 634], [1480, 1312], [1325, 1304], [1244, 1218], [776, 771], [2032, 209], [281, 274], [333, 323], [15, 15], [1783, 1743], [1216, 1191], [1917, 1869], [77, 72], [17, 17], [265, 254], [555, 548], [956, 938], [531, 1014], [181, 173], [385, 378], [199, 190], [515, 505], [203, 194], [69, 65], [24, 22], [298, 291], [195, 186], [172, 4], [132, 126], [275, 266], [8, 8], [84, 81], [37, 34], [0, 0], [202, 193], [97, 86]]
29 -> 30             [[1311, 1329], [986, 865], [1798, 1824], [1156, 1172], [412, 425], [674, 530], [16, 16], [1617, 1637], [634, 649], [1304, 1322], [1218, 1235], [82, 87], [771, 784], [209, 214], [274, 280], [323, 333], [3, 3], [15, 15], [1191, 1210], [1869, 1893], [17, 17], [72, 77], [7, 7], [443, 458], [254, 261], [548, 568], [938, 956], [1014, 1039], [632, 647], [173, 178], [378, 389], [190, 196], [228, 237], [505, 524], [194, 200], [22, 25], [291, 298], [186, 192], [56, 60], [126, 130], [4, 4], [266, 272], [8, 8], [81, 86], [34, 38], [0, 0], [193, 199], [86, 98]]
30 -> 31             [[961, 956], [811, 808], [865, 1002], [1329, 1329], [16, 16], [1260, 1256], [1172, 1170], [649, 647], [1637, 1642], [1322, 1323], [784, 783], [214, 83], [333, 333], [280, 282], [3, 3], [15, 15], [1766, 1762], [247, 248], [1210, 1205], [1893, 1886], [77, 73], [738, 736], [17, 17], [661, 659], [7, 7], [64, 61], [261, 264], [151, 150], [956, 951], [1039, 1033], [568, 558], [647, 645], [178, 177], [389, 388], [196, 195], [237, 237], [524, 517], [200, 200], [31, 28], [25, 22], [298, 299], [60, 57], [192, 191], [4, 168], [130, 127], [272, 275], [8, 8], [86, 81], [38, 34], [0, 0], [199, 198], [98, 93]]
31 -> 32             [[1329, 1323], [956, 962], [1002, 1007], [1170, 1176], [1819, 1846], [420, 419], [684, 690], [1642, 1647], [647, 651], [1323, 1315], [1234, 1237], [82, 86], [783, 786], [83, 215], [282, 278], [333, 331], [15, 14], [1205, 1212], [248, 245], [1886, 1918], [73, 76], [17, 16], [659, 666], [7, 7], [61, 63], [264, 262], [1033, 1039], [558, 567], [177, 178], [645, 649], [388, 384], [195, 195], [237, 235], [517, 525], [238, 236], [200, 200], [22, 24], [299, 296], [191, 191], [168, 169], [127, 129], [275, 272], [8, 17], [81, 85], [34, 37], [0, 0], [198, 198], [93, 90]]
32 -> 33             [[962, 942], [1007, 854], [1323, 1311], [1846, 1317], [419, 416], [1176, 1160], [651, 638], [1647, 1628], [1315, 1304], [2014, 1973], [786, 775], [86, 85], [215, 86], [331, 327], [278, 277], [3, 3], [14, 14], [1787, 1750], [1212, 1198], [1918, 1880], [16, 16], [76, 76], [63, 63], [262, 258], [959, 938], [1039, 524], [567, 553], [649, 636], [178, 177], [384, 381], [195, 195], [525, 509], [200, 199], [24, 23], [296, 293], [191, 191], [169, 167], [129, 132], [272, 269], [17, 17], [85, 84], [37, 36], [0, 0], [198, 198], [90, 98]]
33 -> 34             [[800, 793], [942, 925], [1311, 1295], [1317, 1773], [15, 14], [416, 416], [1160, 1141], [1246, 1226], [638, 634], [1628, 1593], [901, 58], [1304, 1289], [775, 766], [85, 85], [277, 273], [327, 324], [86, 86], [14, 13], [1750, 1716], [1198, 1180], [1880, 1620], [16, 15], [76, 75], [650, 648], [7, 6], [258, 254], [938, 922], [553, 553], [524, 1004], [636, 632], [177, 175], [348, 342], [381, 379], [195, 192], [232, 229], [509, 507], [199, 196], [59, 58], [23, 23], [293, 291], [191, 188], [167, 3], [132, 90], [269, 266], [17, 16], [84, 84], [36, 35], [0, 0], [198, 195], [98, 91]]
34 -> 35             [[793, 813], [971, 998], [1295, 1310], [1773, 1313], [1141, 1158], [416, 423], [672, 531], [1226, 1245], [1593, 1608], [634, 654], [1289, 1303], [766, 785], [85, 85], [273, 277], [324, 328], [86, 1975], [13, 14], [2, 3], [239, 245], [1180, 1198], [1716, 1734], [1620, 1492], [75, 76], [15, 16], [62, 52], [254, 259], [922, 951], [553, 570], [1004, 1027], [175, 179], [632, 214], [379, 386], [192, 194], [229, 235], [507, 524], [196, 199], [67, 68], [23, 23], [291, 294], [58, 59], [188, 191], [3, 172], [90, 131], [266, 269], [84, 84], [35, 36], [195, 197], [0, 0], [91, 97]]
35 -> 36             [[813, 797], [1313, 1774], [1310, 1304], [998, 992], [15, 14], [1158, 1151], [423, 413], [1608, 1598], [654, 642], [1224, 1214], [1303, 1298], [785, 773], [85, 85], [277, 275], [328, 324], [14, 13], [1734, 1720], [245, 243], [1198, 1186], [1492, 1851], [743, 730], [76, 76], [16, 15], [461, 245], [259, 257], [570, 557], [951, 942], [1027, 1020], [179, 175], [214, 640], [386, 378], [194, 192], [199, 196], [23, 23], [294, 291], [59, 58], [191, 188], [172, 168], [131, 131], [17, 16], [269, 205], [84, 84], [36, 35], [0, 0], [197, 195], [97, 95]]
36 -> 37             [[946, 929], [797, 787], [1304, 1291], [1774, 1296], [992, 837], [1151, 1142], [14, 14], [679, 667], [642, 633], [1598, 1594], [1214, 1203], [1305, 1292], [1298, 1284], [773, 761], [85, 85], [275, 270], [324, 320], [215, 210], [2, 2], [13, 13], [1186, 1179], [1720, 1715], [1851, 1477], [76, 77], [15, 15], [257, 253], [62, 62], [557, 554], [942, 924], [1020, 525], [640, 631], [175, 172], [345, 342], [378, 376], [192, 189], [233, 229], [513, 510], [234, 230], [196, 193], [23, 22], [291, 288], [58, 58], [188, 185], [168, 163], [131, 127], [16, 16], [84, 84], [35, 34], [0, 0], [195, 192], [95, 96]]
37 -> 38             [[929, 920], [1291, 1276], [1296, 1765], [837, 969], [1142, 1132], [413, 411], [667, 659], [633, 630], [1594, 1579], [1284, 1268], [1203, 1187], [761, 752], [85, 85], [270, 273], [320, 321], [210, 1058], [1715, 1710], [1179, 1162], [1477, 1834], [77, 77], [718, 707], [15, 16], [645, 639], [448, 103], [253, 258], [554, 551], [924, 914], [525, 520], [172, 176], [631, 628], [376, 374], [189, 193], [510, 504], [230, 233], [193, 197], [22, 23], [288, 289], [185, 189], [58, 59], [163, 168], [127, 88], [16, 17], [263, 268], [84, 84], [34, 35], [0, 0], [192, 196], [96, 96]]
38 -> 39             [[920, 946], [1765, 1773], [1276, 1301], [1210, 1234], [969, 995], [1132, 1154], [15, 15], [411, 426], [659, 684], [1579, 1596], [630, 649], [1187, 1216], [1268, 1294], [752, 777], [85, 85], [273, 281], [321, 334], [1058, 217], [3, 3], [14, 14], [1162, 1188], [1710, 1721], [1834, 1478], [16, 16], [77, 75], [639, 662], [63, 62], [258, 262], [551, 560], [520, 534], [914, 941], [176, 179], [628, 647], [374, 390], [193, 195], [232, 238], [504, 518], [233, 239], [197, 199], [23, 23], [289, 298], [59, 58], [189, 191], [168, 171], [88, 130], [17, 17], [268, 274], [84, 84], [35, 36], [0, 0], [196, 198], [96, 95]]
39 -> 40             [[946, 931], [1301, 1292], [1154, 1144], [1773, 1298], [995, 837], [15, 15], [684, 658], [1596, 1587], [649, 623], [1941, 1293], [1216, 1204], [1294, 1285], [85, 85], [777, 754], [334, 323], [281, 276], [217, 1952], [3, 3], [14, 14], [1721, 1708], [1188, 1180], [1478, 1835], [75, 78], [16, 16], [731, 709], [662, 634], [7, 7], [62, 63], [262, 259], [560, 544], [534, 518], [941, 926], [179, 180], [647, 230], [390, 378], [195, 197], [238, 235], [518, 501], [199, 189], [23, 24], [191, 193], [298, 46], [171, 172], [130, 132], [17, 17], [274, 269], [84, 84], [36, 37], [0, 0], [198, 200], [95, 96]]
40 -> 41             [[783, 790], [931, 924], [1292, 474], [1298, 1288], [413, 419], [1144, 1137], [1225, 1217], [658, 517], [1587, 1575], [623, 640], [1285, 1277], [754, 764], [276, 278], [323, 327], [1952, 1940], [3, 3], [14, 14], [1708, 1695], [1180, 1171], [1835, 1466], [78, 78], [16, 16], [634, 651], [247, 249], [63, 64], [259, 260], [544, 557], [926, 919], [518, 1000], [180, 176], [230, 638], [344, 346], [378, 381], [197, 192], [235, 236], [501, 510], [24, 24], [193, 189], [46, 294], [172, 4], [132, 134], [17, 17], [269, 270], [84, 85], [37, 37], [0, 0], [200, 195], [96, 98]]
41 -> 42             [[924, 934], [474, 1292], [295, 286], [1288, 1785], [1137, 1144], [974, 839], [15, 15], [1217, 1226], [517, 669], [640, 633], [1575, 1598], [1195, 1205], [1277, 1285], [764, 767], [86, 84], [327, 317], [278, 269], [1940, 85], [3, 3], [14, 14], [1171, 1179], [1695, 1727], [247, 237], [1466, 1475], [78, 75], [16, 16], [249, 239], [260, 252], [557, 543], [919, 930], [1000, 1009], [176, 176], [638, 631], [381, 372], [192, 193], [236, 227], [510, 498], [196, 198], [70, 66], [24, 23], [189, 189], [294, 285], [60, 57], [4, 168], [134, 130], [17, 17], [270, 262], [85, 83], [37, 35], [0, 0], [195, 196], [98, 97]]
42 -> 43             [[934, 1135], [412, 21], [1785, 2708], [1144, 3124], [1292, 1131], [669, 870], [15, 27], [1226, 1245], [1598, 378], [633, 387], [1285, 2004], [173, 272], [1205, 1889], [767, 912], [84, 125], [269, 424], [317, 506], [85, 353], [14, 26], [1179, 525], [1727, 905], [1475, 1055], [75, 114], [16, 28], [645, 15], [61, 97], [930, 624], [1009, 200], [176, 276], [631, 329], [372, 473], [193, 136], [227, 239], [498, 792], [198, 312], [23, 40], [189, 302], [285, 427], [168, 4], [130, 212], [17, 29], [262, 201], [83, 123], [35, 55], [0, 0], [196, 211], [97, 92]]
43 -> 44             [[1135, 1129], [2708, 2019], [630, 630], [1131, 1126], [65, 1148], [27, 26], [1245, 1249], [387, 377], [378, 368], [2034, 2011], [2004, 2001], [912, 905], [125, 122], [353, 344], [424, 416], [506, 499], [26, 25], [905, 901], [388, 378], [525, 518], [1055, 1049], [114, 113], [28, 27], [15, 14], [297, 290], [869, 863], [200, 193], [624, 624], [329, 321], [276, 269], [136, 131], [239, 233], [792, 789], [141, 138], [312, 303], [272, 265], [40, 40], [85, 83], [427, 419], [4, 3], [212, 205], [29, 28], [201, 194], [123, 120], [55, 57], [0, 0], [211, 204], [92, 37]]
44 -> 45             [[121, 122], [150, 154], [1129, 1155], [1126, 1151], [2019, 2053], [1023, 1049], [1249, 1266], [368, 383], [377, 393], [2001, 2029], [1884, 1918], [905, 922], [122, 123], [416, 433], [344, 1127], [499, 518], [25, 26], [901, 915], [2, 3], [518, 537], [113, 110], [1049, 1074], [27, 28], [14, 14], [10, 10], [290, 299], [863, 876], [193, 201], [624, 640], [269, 277], [466, 482], [321, 331], [131, 134], [233, 240], [789, 803], [303, 314], [40, 39], [83, 82], [419, 437], [3, 251], [205, 128], [28, 29], [194, 202], [120, 121], [57, 55], [0, 0], [204, 212], [37, 37]]
45 -> 46             [[359, 361], [122, 128], [1155, 452], [646, 638], [1151, 1099], [27, 27], [2053, 2705], [1049, 1039], [383, 387], [1266, 1255], [393, 395], [2043, 2020], [1918, 1898], [2029, 2010], [922, 916], [123, 129], [433, 432], [518, 518], [1127, 130], [26, 26], [110, 257], [915, 911], [537, 533], [1074, 1063], [28, 28], [14, 14], [10, 10], [299, 305], [876, 873], [640, 631], [201, 205], [482, 482], [277, 283], [331, 337], [134, 141], [240, 246], [803, 799], [314, 320], [304, 310], [39, 40], [437, 436], [251, 4], [128, 219], [29, 29], [202, 206], [121, 127], [55, 57], [0, 0], [212, 218], [37, 96]]
46 -> 47             [[128, 125], [452, 448], [1099, 1153], [27, 26], [638, 639], [2705, 1507], [1255, 1268], [1039, 1046], [387, 379], [395, 388], [2010, 2029], [916, 927], [129, 126], [518, 511], [432, 429], [130, 1129], [3, 2], [26, 25], [911, 921], [533, 527], [1063, 1069], [28, 27], [14, 13], [162, 160], [305, 301], [873, 882], [205, 203], [631, 631], [337, 98], [283, 280], [141, 138], [246, 239], [799, 803], [148, 145], [320, 315], [40, 39], [86, 58], [436, 432], [4, 253], [219, 215], [29, 28], [206, 204], [127, 124], [57, 56], [0, 0], [218, 214], [96, 93]]
47 -> 48             [[125, 125], [448, 454], [1153, 1140], [26, 28], [1046, 810], [379, 388], [388, 396], [2029, 2029], [927, 916], [126, 126], [429, 433], [250, 254], [511, 515], [25, 27], [389, 397], [921, 911], [527, 532], [1069, 1056], [27, 29], [13, 15], [9, 11], [301, 303], [882, 876], [203, 201], [631, 636], [98, 97], [280, 282], [138, 139], [239, 242], [803, 801], [145, 145], [315, 318], [39, 41], [432, 437], [58, 83], [253, 236], [215, 214], [28, 30], [204, 202], [124, 124], [56, 57], [0, 0], [214, 213], [93, 93]]
48 -> 49             [[125, 123], [454, 1135], [1140, 1130], [2734, 2705], [643, 623], [1259, 1245], [810, 790], [388, 369], [396, 377], [2029, 2017], [916, 903], [126, 124], [433, 416], [515, 503], [254, 247], [27, 25], [397, 378], [532, 519], [1056, 1046], [29, 27], [142, 139], [15, 13], [303, 294], [98, 96], [876, 857], [201, 198], [636, 615], [282, 274], [97, 325], [139, 136], [242, 237], [318, 309], [41, 40], [437, 420], [83, 83], [236, 249], [214, 14], [30, 28], [202, 199], [124, 122], [57, 56], [0, 0], [213, 209], [93, 37]]
49 -> 50             [[1135, 1142], [123, 123], [1130, 1139], [2705, 2038], [790, 1032], [1245, 340], [369, 372], [377, 381], [2017, 2018], [1910, 1903], [903, 905], [124, 124], [247, 250], [469, 470], [416, 422], [503, 505], [125, 1116], [2, 3], [25, 26], [898, 899], [519, 521], [378, 382], [1046, 1058], [27, 28], [9, 10], [13, 14], [381, 155], [294, 296], [96, 97], [198, 201], [615, 471], [274, 275], [325, 326], [136, 135], [783, 779], [143, 142], [309, 310], [40, 40], [420, 425], [249, 233], [14, 214], [28, 29], [199, 202], [122, 122], [56, 54], [0, 0], [209, 213], [37, 92]]
50 -> 51             [[346, 339], [1142, 1134], [123, 123], [1139, 1089], [2038, 2685], [340, 1245], [1032, 862], [381, 373], [372, 364], [2027, 2010], [2018, 1997], [905, 907], [124, 124], [250, 246], [470, 463], [505, 499], [422, 415], [1116, 1109], [3, 3], [26, 27], [521, 514], [899, 902], [382, 374], [1058, 1054], [28, 29], [138, 137], [14, 15], [10, 11], [296, 293], [858, 861], [201, 195], [471, 619], [275, 273], [326, 318], [338, 307], [135, 134], [238, 235], [779, 787], [300, 298], [310, 305], [40, 39], [425, 418], [233, 230], [214, 209], [29, 30], [202, 196], [122, 122], [54, 55], [0, 0], [213, 208], [92, 91]]
51 -> 52             [[339, 344], [1388, 84], [123, 120], [1134, 1136], [2685, 2036], [627, 624], [1089, 1131], [1245, 1248], [862, 861], [364, 370], [373, 379], [1882, 1900], [1997, 2017], [907, 906], [124, 121], [246, 245], [463, 468], [415, 417], [499, 503], [1109, 1110], [3, 3], [27, 27], [514, 517], [902, 901], [1054, 1053], [29, 29], [137, 135], [15, 16], [11, 12], [377, 338], [293, 289], [96, 94], [861, 860], [195, 194], [619, 617], [247, 246], [273, 269], [318, 320], [134, 132], [235, 232], [298, 294], [787, 781], [141, 139], [305, 303], [83, 84], [45, 48], [39, 42], [418, 421], [230, 4], [209, 206], [30, 30], [196, 195], [122, 119], [55, 58], [0, 0], [208, 205], [91, 39]]
52 -> 53             [[120, 120], [344, 341], [1136, 1135], [624, 623], [1131, 1131], [2036, 2688], [1248, 1243], [379, 375], [370, 365], [2017, 1996], [1900, 1888], [245, 242], [906, 894], [468, 465], [121, 121], [417, 416], [503, 499], [1110, 1108], [27, 25], [901, 890], [517, 516], [1053, 1044], [29, 27], [135, 135], [12, 10], [289, 290], [94, 93], [860, 848], [194, 196], [617, 617], [269, 269], [320, 320], [336, 333], [132, 133], [232, 231], [781, 779], [294, 532], [303, 304], [42, 38], [421, 420], [84, 56], [4, 3], [206, 208], [30, 28], [195, 197], [119, 119], [58, 54], [0, 0], [205, 207], [39, 89]]
53 -> 54             [[341, 349], [120, 128], [1135, 1143], [1131, 1140], [26, 28], [2688, 2048], [1016, 1029], [365, 375], [375, 384], [1996, 2027], [894, 904], [121, 129], [416, 424], [499, 505], [1108, 1116], [25, 27], [516, 520], [376, 385], [890, 898], [1044, 1055], [135, 141], [27, 29], [290, 299], [848, 859], [196, 202], [617, 621], [320, 101], [269, 280], [133, 139], [231, 241], [779, 787], [304, 313], [38, 42], [420, 428], [3, 235], [208, 16], [28, 30], [197, 203], [119, 127], [54, 57], [0, 0], [207, 214], [89, 39]]
54 -> 55             [[164, 158], [349, 332], [1143, 423], [128, 122], [628, 594], [1140, 1085], [2048, 2651], [1029, 757], [1256, 1201], [375, 357], [384, 366], [1917, 1845], [2038, 2306], [474, 5134], [254, 787], [2027, 1966], [129, 123], [904, 868], [285, 262], [505, 479], [424, 403], [1116, 1060], [27, 26], [245, 32], [898, 862], [3, 3], [520, 492], [1055, 1005], [29, 28], [141, 136], [11, 10], [388, 154], [299, 285], [859, 823], [202, 195], [621, 587], [536, 1172], [280, 266], [101, 310], [276, 262], [139, 134], [241, 234], [787, 748], [313, 298], [42, 40], [428, 407], [235, 4], [16, 207], [30, 29], [203, 196], [127, 121], [57, 56], [214, 206], [0, 0], [39, 91]]
55 -> 56             [[158, 162], [332, 334], [122, 126], [27, 28], [423, 429], [2651, 2641], [1085, 1099], [357, 361], [366, 369], [2306, 2287], [1966, 1958], [868, 870], [123, 127], [403, 408], [479, 486], [1060, 1075], [26, 27], [492, 502], [862, 864], [367, 370], [1005, 1017], [28, 29], [14, 15], [10, 11], [285, 286], [96, 99], [823, 825], [195, 199], [587, 594], [87, 90], [310, 310], [266, 268], [134, 139], [234, 239], [748, 751], [140, 144], [298, 298], [46, 46], [40, 40], [58, 85], [407, 412], [207, 16], [29, 30], [196, 200], [121, 125], [56, 56], [0, 0], [206, 211], [91, 94]]
56 -> 57             [[645, 623], [156, 151], [334, 338], [126, 122], [429, 430], [162, 158], [2641, 1964], [1099, 1093], [28, 28], [1217, 331], [992, 763], [361, 362], [369, 370], [1958, 1945], [1849, 1833], [2287, 2158], [870, 868], [127, 123], [408, 410], [486, 489], [1075, 339], [27, 27], [3, 3], [864, 862], [370, 371], [502, 505], [1017, 1011], [29, 29], [15, 15], [99, 95], [286, 293], [199, 196], [594, 596], [268, 274], [310, 94], [139, 134], [751, 756], [144, 140], [298, 306], [40, 40], [412, 413], [85, 81], [234, 253], [16, 209], [30, 30], [200, 197], [125, 121], [56, 54], [0, 0], [211, 208]]
57 -> 58             [[550, 539], [338, 327], [158, 157], [122, 122], [430, 420], [28, 28], [602, 600], [1093, 1098], [1964, 2619], [331, 1205], [370, 358], [362, 351], [1945, 1928], [123, 123], [868, 876], [410, 399], [489, 477], [339, 124], [27, 27], [505, 492], [1011, 1019], [29, 29], [136, 137], [15, 15], [381, 369], [95, 96], [293, 284], [196, 193], [596, 593], [274, 266], [94, 95], [134, 135], [238, 230], [756, 757], [306, 298], [40, 39], [413, 403], [81, 82], [209, 16], [253, 244], [30, 30], [197, 194], [121, 121], [54, 54], [0, 0], [208, 206]]
58 -> 59             [[152, 150], [327, 329], [420, 415], [157, 156], [122, 120], [1098, 1068], [28, 26], [2619, 1935], [600, 590], [765, 802], [63, 62], [1205, 1181], [351, 354], [358, 363], [1928, 1916], [199, 197], [876, 850], [123, 121], [399, 400], [477, 470], [124, 330], [27, 25], [870, 844], [359, 364], [492, 485], [1019, 987], [29, 27], [11, 10], [284, 280], [193, 191], [593, 584], [266, 261], [321, 319], [135, 132], [230, 229], [757, 729], [298, 293], [45, 45], [101, 97], [39, 39], [82, 81], [403, 403], [16, 204], [244, 3], [30, 28], [194, 192], [121, 119], [54, 54], [0, 0], [206, 203]]
59 -> 60             [[611, 624], [150, 146], [156, 153], [329, 327], [415, 413], [26, 25], [1068, 1056], [590, 574], [1181, 1159], [354, 351], [363, 360], [2233, 2194], [1916, 1882], [1808, 1773], [850, 848], [121, 118], [400, 395], [470, 466], [330, 119], [25, 24], [2, 3], [801, 799], [844, 841], [485, 481], [364, 361], [987, 981], [134, 131], [225, 222], [27, 26], [14, 13], [10, 9], [280, 279], [191, 188], [584, 569], [92, 305], [261, 261], [132, 129], [229, 227], [729, 729], [293, 292], [45, 42], [97, 95], [39, 36], [403, 399], [3, 4], [204, 14], [28, 27], [192, 189], [119, 116], [54, 51], [0, 0], [203, 200]]
60 -> 61             [[524, 513], [624, 595], [146, 149], [327, 324], [153, 156], [413, 406], [2282, 2183], [1056, 1046], [2532, 2526], [25, 24], [351, 345], [360, 354], [1882, 1870], [1773, 1760], [848, 831], [2194, 2185], [118, 121], [395, 389], [466, 458], [119, 1027], [24, 23], [841, 825], [481, 472], [981, 971], [131, 135], [26, 25], [13, 13], [279, 277], [188, 191], [569, 562], [261, 259], [305, 92], [129, 133], [227, 228], [729, 714], [292, 290], [36, 35], [399, 393], [14, 203], [4, 240], [27, 26], [116, 119], [51, 50], [0, 0], [200, 202]]
61 -> 62             [[513, 523], [149, 151], [156, 158], [324, 327], [406, 1050], [1046, 1046], [568, 576], [2526, 2526], [723, 734], [345, 347], [354, 356], [1870, 1864], [831, 836], [2185, 2181], [121, 122], [389, 395], [1027, 123], [458, 464], [23, 24], [2, 3], [472, 479], [825, 829], [355, 357], [971, 972], [25, 26], [135, 136], [223, 223], [9, 9], [365, 365], [277, 279], [191, 191], [562, 569], [92, 94], [259, 261], [133, 135], [228, 227], [714, 725], [138, 140], [290, 292], [52, 81], [35, 37], [393, 399], [240, 4], [203, 14], [26, 27], [192, 316], [119, 121], [50, 52], [0, 0], [202, 202]]
62 -> 63             [[523, 512], [1262, 1251], [619, 609], [1050, 1037], [151, 144], [327, 320], [158, 151], [2179, 2272], [25, 24], [1046, 1032], [576, 567], [734, 719], [356, 350], [347, 341], [1755, 1754], [1864, 1862], [836, 830], [2181, 776], [122, 117], [464, 451], [123, 321], [395, 386], [24, 23], [479, 465], [972, 960], [829, 823], [26, 25], [223, 217], [13, 13], [9, 9], [279, 275], [191, 184], [569, 560], [261, 256], [317, 311], [94, 298], [135, 129], [227, 223], [725, 711], [292, 288], [43, 44], [99, 95], [37, 37], [399, 389], [81, 79], [4, 4], [14, 147], [27, 26], [121, 116], [52, 53], [0, 0], [202, 195]]
63 -> 64             [[1251, 1251], [512, 515], [1142, 1146], [609, 592], [320, 318], [151, 151], [24, 23], [1881, 1861], [1032, 1037], [567, 567], [1053, 60], [350, 888], [719, 715], [341, 341], [1754, 1744], [1862, 1843], [830, 820], [117, 119], [776, 770], [386, 385], [451, 457], [321, 1014], [23, 22], [3, 2], [960, 953], [465, 470], [823, 814], [351, 350], [25, 24], [131, 131], [13, 12], [275, 275], [184, 187], [560, 561], [256, 258], [298, 90], [311, 311], [129, 129], [223, 225], [711, 705], [134, 135], [288, 288], [95, 95], [37, 33], [389, 389], [4, 221], [147, 198], [26, 25], [116, 118], [53, 50], [0, 0], [195, 197]]
64 -> 65             [[1013, 1016], [1146, 1149], [1251, 1249], [515, 509], [318, 318], [151, 153], [145, 147], [592, 588], [2147, 2138], [1861, 2463], [1037, 1037], [60, 60], [888, 895], [341, 340], [1843, 1837], [1744, 1735], [820, 819], [119, 116], [385, 382], [1014, 117], [457, 451], [2, 2], [22, 23], [953, 959], [814, 814], [470, 463], [350, 349], [24, 25], [220, 218], [131, 131], [12, 13], [91, 88], [275, 273], [187, 187], [561, 556], [258, 258], [90, 297], [311, 310], [129, 129], [705, 705], [288, 286], [40, 42], [95, 92], [33, 35], [389, 121], [221, 3], [198, 198], [25, 26], [118, 115], [50, 51], [0, 0], [197, 197]]
65 -> 66             [[642, 631], [1016, 997], [1249, 1233], [509, 507], [1149, 1124], [588, 576], [318, 313], [147, 143], [93, 94], [2463, 2471], [1037, 1019], [563, 553], [340, 336], [1837, 1817], [819, 808], [1735, 1712], [116, 116], [767, 758], [382, 378], [451, 448], [117, 314], [959, 939], [2, 3], [23, 23], [814, 802], [349, 344], [463, 462], [25, 25], [218, 215], [9, 9], [13, 13], [273, 269], [187, 184], [556, 547], [258, 253], [297, 293], [310, 305], [129, 126], [222, 220], [705, 693], [286, 283], [35, 34], [121, 382], [3, 4], [198, 122], [26, 26], [115, 115], [51, 51], [0, 0], [197, 193]]
