[Sim1->Si] [Cid_im10,Cid_im11,Cid_im12] [Cid_i0,Cid_i1,Cid_i2] [IS_0, IS_1, IS_2] [Sz_im10,Sz_im11,Sz_im12] [Sz_i0,Sz_i1,Sz_i2] [RankSz_im10,RankSz_im11,RankSz_im12] [RankSz_i0,RankSz_i1,RankSz_i2]
1->2 9,88,0 9,84,0 0.989351081530782,0.9912443618997081,0.9903953540317176 8,6,4 9,7,4
2->3 9,84,206 9,88,211 0.9857095380525092,0.9886273472626289,0.985781990521327 9,7,30 8,6,30
3->4 0,211,9 0,211,9 0.9883564711150918,0.9904942965779467,0.9906510851419031 4,30,8 4,29,8
4->5 86,878,0 89,867,0 0.9880446333687567,0.9883449883449883,0.9892857142857143 6,80,4 6,77,4
5->6 89,867,211 87,847,209 0.9904280776389258,0.9907192575406032,0.9914285714285714 6,77,29 6,79,30
6->7 209,1671,87 212,1682,90 0.9867424242424242,0.9876106194690265,0.9877919320594479 30,59,6 30,60,6
7->8 872,212,1682 841,207,1663 0.9882903981264637,0.9895635673624289,0.9964726631393298 79,30,60 76,30,58
8->9 207,0,85 208,0,88 0.9868421052631579,0.986868462052081,0.9896083133493205 30,4,6 28,4,6
9->10 88,9,857 87,9,863 0.9872746553552492,0.9906573239906573,0.9883449883449883 6,7,75 6,7,77
10->11 87,209,1679 89,210,2081 0.9896469338996549,0.9914933837429112,0.9982078853046595 6,29,59 6,29,57
11->12 8,89,859 9,84,861 0.9889816360601001,0.9891275523733758,0.9952941176470588 7,6,77 7,6,74
12->13 84,208,9 85,204,9 0.989121782966304,0.9904942965779467,0.9893262174783188 6,30,7 6,29,7
13->14 851,9,85 851,9,87 0.9861431870669746,0.9863196529863196,0.9899177500663305 75,7,6 74,7,6
14->15 0,9,206 0,9,207 0.9868538324420677,0.9879799666110184,0.9895635673624289 3,7,30 3,7,29
15->16 207,855,1815 205,834,1794 0.9905392620624409,0.9907192575406032,0.9912280701754386 29,75,58 29,75,56
16->17 205,0,85 199,0,84 0.9868421052631579,0.9883746926000447,0.9907038512616202 29,4,6 29,3,6
17->18 1786,838,0 2020,837,0 0.9876325088339223,0.9882903981264637,0.9897298504130386 57,75,3 58,76,4
18->19 8,2020,85 9,2029,88 0.9850299401197605,0.989492119089317,0.9901700318809776 7,58,6 7,56,6
19->20 88,0,836 89,0,831 0.9899150743099787,0.990589289715438,0.9929411764705882 6,4,75 6,4,76
20->21 0,1619,831 0,1616,825 0.9888343010272443,0.9893617021276596,0.9907407407407407 4,57,76 4,58,77
21->22 84,207,0 83,203,0 0.9883134130146083,0.9914448669201521,0.9886084431538977 6,30,4 6,29,3
22->23 0,8,83 0,9,86 0.9818060794319947,0.9873206539873206,0.988041456284879 3,7,6 3,7,6
23->24 9,1986,86 9,1574,87 0.9886628876292097,0.9893617021276596,0.9920149055097152 7,56,6 7,56,6
24->25 0,809,1574 0,797,1410 0.9883668903803132,0.9906976744186047,0.9929453262786596 3,78,56 3,76,56
25->26 0,197,86 0,204,86 0.9861730597680642,0.9951550387596899,0.9890928438414472 3,30,6 3,29,6
26->27 8,86,1557 8,84,1677 0.9889816360601001,0.9904280776389258,0.9911971830985915 7,6,56 6,5,54
27->28 0,1677,84 0,1917,84 0.9892785347330801,0.989492119089317,0.9899257688229056 2,54,5 3,55,5
28->29 199,1917,776 190,1869,771 0.9932627526467758,0.9947275922671354,0.9953488372093023 28,55,73 28,55,71
29->30 190,0,81 196,0,86 0.9773584905660377,0.9868479714667856,0.9920021327645961 28,3,5 28,3,5
30->31 8,0,1893 8,0,1886 0.9865887207702888,0.9875083649341958,0.9876106194690265 7,3,54 7,3,54
31->32 783,0,81 786,0,85 0.9861111111111112,0.9903846153846154,0.9904153354632588 73,3,5 72,3,5
32->33 786,0,85 775,0,84 0.986046511627907,0.9877177311299687,0.9899444297433183 72,3,5 73,3,5
33->34 775,0,84 766,0,84 0.9862700228832952,0.9868215322760777,0.9886243386243386 73,3,5 71,2,5
34->35 0,1620,84 0,1492,84 0.9835115864527629,0.9875666074600356,0.9899177500663305 2,55,5 3,53,5
35->36 17,0,194 16,0,192 0.9880412371134021,0.9894807520143241,0.9942307692307693 8,3,28 9,3,28
36->37 0,773,1851 0,761,1477 0.9894901610017889,0.9929742388758782,0.9895104895104895 3,73,54 3,73,53
37->38 84,1477,189 84,1834,193 0.988319617732944,0.9895287958115183,0.9923224568138196 5,53,28 5,55,28
38->39 17,84,0 17,84,0 0.9875930521091811,0.9890928438414472,0.9892665474060823 9,5,3 8,5,3
39->40 84,17,0 84,17,0 0.9870095440084835,0.9892783505154639,0.9899486263122627 5,8,3 5,8,3
40->41 197,0,84 192,0,85 0.9884947267497604,0.9897229669347631,0.9896441848114711 29,3,5 28,3,5
41->42 17,85,0 17,83,0 0.9871794871794872,0.9886153031506487,0.990163201430807 9,5,3 9,5,3
42->43 17,83,767 29,123,912 0.9887966804979254,0.990728476821192,0.9929742388758782 9,5,74 9,5,72
43->44 912,0,29 905,0,28 0.9883720930232558,0.9903587443946188,0.9908713692946058 72,3,9 72,3,8
44->45 0,28,120 0,29,121 0.9875139353400223,0.9875827814569537,0.9896496815286624 3,8,5 3,9,5
45->46 29,121,1074 29,127,1063 0.9896608767576509,0.9901856763925729,0.9964285714285714 9,5,54 8,5,52
46->47 141,0,916 138,0,927 0.989443378119002,0.9894783971345422,0.9906103286384976 28,3,73 28,3,73
47->48 138,124,0 139,124,0 0.9875598086124402,0.9883412824589295,0.9908256880733946 28,5,3 28,5,3
48->49 139,1056,124 136,1046,122 0.9884281581485053,0.9892665474060823,0.9888653234358431 28,53,5 28,51,5
49->50 28,1046,0 29,1058,0 0.990924092409241,0.9910394265232975,0.9914988814317673 9,51,3 9,50,3
50->51 135,122,0 134,122,0 0.988560533841754,0.9885911382329531,0.9917170360420864 28,5,3 28,5,3
51->52 122,1054,30 119,1053,30 0.9888653234358431,0.9928571428571429,0.9892339544513458 5,52,9 5,51,8
52->53 30,132,1053 28,133,1044 0.9884583676834295,0.9923076923076923,0.9928443649373881 8,28,51 8,28,51
53->54 1044,119,133 1055,127,139 0.9894366197183099,0.9917618921073611,0.9932497589199615 51,5,28 51,5,27
54->55 30,0,139 29,0,134 0.9872164948453608,0.9872881355932204,0.9913294797687862 9,2,27 9,3,29
55->56 29,1005,121 30,1017,125 0.9880412371134021,0.9892665474060823,0.9904178866116582 9,53,5 9,50,5
56->57 139,30,125 134,30,121 0.9884836852207294,0.9888521882741536,0.9891102257636122 27,9,5 27,9,5
57->58 121,1011,134 121,1019,135 0.9888505441996284,0.9945945945945946,0.9951783992285439 5,51,27 5,51,26
58->59 30,0,876 28,0,850 0.9904445367677607,0.990589289715438,0.9907192575406032 9,2,69 8,2,67
59->60 0,28,119 0,27,116 0.9861761426978818,0.9884249689954526,0.9901882789710952 2,8,5 1,8,4
60->61 27,129,116 26,133,119 0.9872006606110653,0.9883268482490273,0.9891476971942826 8,25,4 8,25,4
61->62 0,119,133 0,121,135 0.9899012567324955,0.9904711487559555,0.9902629016553067 1,4,25 1,4,25
62->63 121,836,1262 116,830,1251 0.9904761904761905,0.990632318501171,0.9966555183946488 4,68,95 4,68,97
63->64 0,116,1251 0,118,1251 0.9894476874719353,0.9912652196929592,0.9966555183946488 1,4,97 1,4,94
64->65 25,118,1251 26,115,1249 0.9876084262701363,0.9899603698811097,1.0 7,4,94 7,4,96
65->66 1249,129,0 1233,126,0 0.9899665551839465,0.9902152641878669,0.9912320143884892 96,24,1 95,24,1
