[Sim1->Si] [Cid_im10,Cid_im11,Cid_im12] [Cid_i0,Cid_i1,Cid_i2] [IS_0, IS_1, IS_2] [Sz_im10,Sz_im11,Sz_im12] [Sz_i0,Sz_i1,Sz_i2] [RankSz_im10,RankSz_im11,RankSz_im12] [RankSz_i0,RankSz_i1,RankSz_i2]
1->2 83,81,99 84,82,99 1.0,1.0,1.0 83,80,99 84,82,99
2->3 81,82,99 49,81,99 1.0,1.0,1.0 81,82,99 49,81,99
3->4 75,83,93 74,80,32 1.0,1.0,1.0 74,83,93 73,80,32
4->5 93,84,81 98,84,82 1.0,1.0,1.0 93,83,81 97,84,82
5->6 82,80,99 81,74,99 1.0,1.0,1.0 82,79,99 81,73,99
6->7 84,87,88 85,29,27 1.0,1.0,1.0 84,86,88 86,29,27
7->8 82,80,99 43,82,98 1.0,1.0,1.0 82,79,99 43,82,99
8->9 99,78,16 96,75,16 1.0,1.0,1.0 98,77,16 96,74,16
9->10 81,80,82 26,83,84 1.0,1.0,1.0 81,80,82 26,83,84
10->11 85,81,98 43,76,92 1.0,1.0,1.0 85,81,97 43,76,92
11->12 81,82,99 53,81,98 1.0,1.0,1.0 81,82,99 53,81,99
12->13 97,83,85 96,85,86 1.0,1.0,1.0 97,83,85 96,85,86
13->14 85,83,81 88,86,84 1.0,1.0,1.0 85,83,81 88,86,84
14->15 96,97,88 92,93,84 1.0,1.0,1.0 95,98,88 91,94,84
15->16 85,83,99 84,83,99 1.0,1.0,1.0 85,83,99 84,83,99
16->17 86,79,85 84,75,47 1.0,1.0,1.0 86,79,85 84,75,48
17->18 86,79,70 90,82,74 1.0,1.0,1.0 86,78,71 90,82,75
18->19 74,77,53 75,79,47 1.0,1.0,1.0 75,77,53 75,79,47
19->20 91,89,94 27,52,87 1.0,1.0,1.0 91,89,94 27,52,87
20->21 80,81,58 82,68,57 1.0,1.0,1.0 80,81,58 82,68,57
21->22 75,97,89 69,98,88 1.0,1.0,1.0 75,98,88 69,99,87
22->23 69,75,80 74,60,83 1.0,1.0,1.0 69,75,80 74,60,83
23->24 92,88,75 91,87,75 1.0,1.0,1.0 93,88,75 92,87,75
24->25 54,95,86 52,24,90 1.0,1.0,1.0 54,94,86 52,24,90
25->26 92,48,87 90,49,24 1.0,1.0,1.0 93,48,87 91,49,24
26->27 82,81,99 82,21,97 1.0,1.0,1.0 82,81,99 82,21,99
27->28 99,90,57 95,86,59 1.0,1.0,1.0 97,88,57 95,86,59
28->29 84,83,94 86,82,97 1.0,1.0,1.0 84,83,96 86,82,99
29->30 83,80,97 27,81,98 1.0,1.0,1.0 83,80,99 27,81,99
30->31 81,95,82 78,89,79 1.0,1.0,1.0 81,96,82 78,90,79
31->32 71,76,69 77,81,75 1.0,1.0,1.0 71,76,69 77,81,75
32->33 88,92,76 83,89,75 1.0,1.0,1.0 87,92,76 84,89,75
33->34 93,80,78 94,80,81 1.0,1.0,1.0 94,80,78 94,80,81
34->35 85,84,76 86,87,77 1.0,1.0,1.0 84,85,76 87,86,77
35->36 88,84,97 85,82,91 1.0,1.0,1.0 89,84,96 86,81,91
36->37 86,85,82 88,87,83 1.0,1.0,1.0 85,86,81 87,88,83
37->38 95,93,88 95,93,87 1.0,1.0,1.0 96,94,87 96,94,87
38->39 97,91,86 98,93,90 1.0,1.0,1.0 97,91,88 98,93,91
39->40 86,84,95 68,81,94 1.0,1.0,1.0 86,84,96 68,81,95
40->41 90,91,83 21,89,81 1.0,1.0,1.0 91,90,86 21,89,82
41->42 91,94,92 96,99,97 1.0,1.0,1.0 90,93,92 95,98,97
42->43 75,91,79 65,86,72 1.0,1.0,1.0 75,89,79 65,86,72
43->44 82,64,73 36,68,66 1.0,1.0,1.0 82,64,73 36,68,66
44->45 98,69,80 35,66,81 1.0,1.0,1.0 98,69,80 35,66,81
45->46 89,66,78 89,66,81 1.0,1.0,1.0 89,66,79 89,66,81
46->47 80,89,88 78,92,91 1.0,1.0,1.0 80,89,90 78,91,92
47->48 99,87,68 88,81,65 1.0,1.0,1.0 99,86,67 90,80,65
48->49 83,79,97 84,24,97 1.0,1.0,1.0 82,79,99 83,24,99
49->50 77,73,93 75,72,95 1.0,1.0,1.0 77,73,95 75,72,96
50->51 83,62,74 89,65,74 1.0,1.0,1.0 84,62,74 90,65,74
51->52 73,94,88 56,88,67 1.0,1.0,1.0 73,96,88 56,90,67
52->53 87,91,90 33,0,93 1.0,1.0,1.0 86,93,88 33,0,91
53->54 78,84,89 77,85,92 1.0,1.0,1.0 78,85,88 77,86,91
54->55 72,79,98 70,75,2 1.0,1.0,1.0 72,80,98 70,76,2
55->56 78,71,75 58,73,80 1.0,1.0,1.0 78,71,76 58,73,80
56->57 71,72,99 35,73,98 1.0,1.0,1.0 72,71,99 35,73,99
57->58 66,78,79 65,76,17 1.0,1.0,1.0 66,77,80 65,76,17
58->59 79,82,99 24,82,97 1.0,1.0,1.0 79,80,99 24,83,99
59->60 60,73,83 61,66,80 1.0,1.0,1.0 60,73,82 60,66,79
60->61 83,79,99 78,74,97 1.0,1.0,1.0 82,80,99 78,75,99
61->62 93,54,87 89,54,82 1.0,1.0,1.0 94,54,86 91,54,83
62->63 55,73,87 63,79,88 1.0,1.0,1.0 55,73,84 63,79,88
63->64 81,90,83 89,97,35 1.0,1.0,1.0 82,91,85 90,98,36
64->65 95,73,97 3,72,94 1.0,1.0,1.0 96,73,98 3,72,95
65->66 76,38,51 77,34,49 1.0,1.0,1.0 77,38,51 78,34,49
66->67 90,60,38 92,61,33 1.0,1.0,1.0 88,60,38 90,61,33
67->68 91,74,95 87,72,90 1.0,1.0,1.0 91,74,95 88,72,91
68->69 79,77,99 81,79,99 1.0,1.0,1.0 79,77,99 81,79,99
69->70 78,77,79 72,71,74 1.0,1.0,1.0 78,77,79 72,71,74
70->71 65,82,52 66,54,49 1.0,1.0,1.0 64,83,52 66,54,49
71->72 97,80,45 95,80,32 1.0,1.0,1.0 97,80,45 95,80,32
72->73 68,91,62 65,92,55 1.0,1.0,1.0 68,91,62 65,92,55
73->74 84,87,47 81,84,46 1.0,1.0,1.0 85,86,47 82,84,46
74->75 35,95,40 37,98,38 1.0,1.0,1.0 35,94,40 37,97,38
75->76 40,87,60 39,60,58 1.0,1.0,1.0 40,88,61 39,60,59
76->77 72,71,99 72,70,96 1.0,1.0,1.0 72,71,99 72,70,99
77->78 55,41,82 55,44,85 1.0,1.0,1.0 55,41,82 55,44,85
78->79 78,70,99 74,66,89 1.0,1.0,1.0 78,70,97 74,66,89
79->80 78,68,62 85,67,66 1.0,1.0,1.0 79,68,62 86,67,66
80->81 66,64,81 64,57,25 1.0,1.0,1.0 66,64,81 64,57,25
81->82 81,74,97 80,72,97 1.0,1.0,1.0 80,74,99 79,72,99
82->83 95,69,97 95,69,97 1.0,1.0,1.0 95,69,99 95,69,99
83->84 78,76,97 74,73,97 1.0,1.0,1.0 79,77,99 76,73,99
84->85 91,98,68 1,17,7 1.0,1.0,1.0 91,98,68 1,17,7
