[Sim1->Si] [Cid_im10,Cid_im11,Cid_im12] [Cid_i0,Cid_i1,Cid_i2] [IS_0, IS_1, IS_2] [Sz_im10,Sz_im11,Sz_im12] [Sz_i0,Sz_i1,Sz_i2] [RankSz_im10,RankSz_im11,RankSz_im12] [RankSz_i0,RankSz_i1,RankSz_i2]
1->2 83,95,86 84,91,86 1.0,1.0,1.0 83,95,85 84,91,86
2->3 94,91,82 91,88,80 1.0,1.0,1.0 94,91,82 91,88,79
3->4 84,67,73 85,64,74 1.0,1.0,1.0 84,67,72 85,64,73
4->5 91,85,83 5,87,85 1.0,1.0,1.0 92,85,83 5,87,85
5->6 92,81,68 90,80,32 1.0,1.0,1.0 91,81,68 90,80,32
6->7 58,88,96 55,89,96 1.0,1.0,1.0 58,87,97 55,88,97
7->8 79,72,93 76,69,89 1.0,1.0,1.0 79,72,93 76,69,89
8->9 95,79,80 22,77,78 1.0,1.0,1.0 94,80,79 22,78,77
9->10 87,89,81 92,93,82 1.0,1.0,1.0 86,88,81 90,94,82
10->11 86,85,99 88,86,99 1.0,1.0,1.0 86,85,99 88,86,99
11->12 84,80,96 82,77,91 1.0,1.0,1.0 84,80,95 82,77,92
12->13 87,90,79 89,93,49 1.0,1.0,1.0 87,89,79 89,91,49
13->14 76,90,93 75,87,89 1.0,1.0,1.0 76,90,91 75,87,88
14->15 74,86,92 77,89,95 1.0,1.0,1.0 74,86,92 76,89,94
15->16 97,96,88 96,94,85 1.0,1.0,1.0 97,96,88 96,95,86
16->17 84,81,99 81,69,98 1.0,1.0,1.0 84,81,99 81,69,99
17->18 85,86,77 25,88,80 1.0,1.0,1.0 85,86,77 25,88,80
18->19 74,85,67 72,88,62 1.0,1.0,1.0 74,85,67 72,88,62
19->20 85,84,99 81,68,97 1.0,1.0,1.0 85,84,99 81,68,99
20->21 33,90,48 36,85,50 1.0,1.0,1.0 33,89,48 36,85,50
21->22 70,78,98 71,78,99 1.0,1.0,1.0 70,78,98 71,78,99
22->23 62,82,97 35,84,99 1.0,1.0,1.0 62,82,96 35,84,98
23->24 76,44,62 75,45,64 1.0,1.0,1.0 77,44,62 75,45,64
24->25 74,63,80 74,63,81 1.0,1.0,1.0 74,63,80 74,63,81
25->26 73,88,79 76,88,81 1.0,1.0,1.0 73,87,79 76,87,81
26->27 87,91,85 82,87,17 1.0,1.0,1.0 88,91,85 83,88,17
27->28 91,73,92 92,77,93 1.0,1.0,1.0 92,73,91 93,77,92
28->29 86,83,95 86,84,94 1.0,1.0,1.0 85,84,94 86,83,94
29->30 95,79,83 93,76,83 1.0,1.0,1.0 96,79,84 93,75,82
30->31 76,72,85 78,69,84 1.0,1.0,1.0 75,72,84 79,69,84
31->32 72,68,99 72,66,99 1.0,1.0,1.0 72,68,99 72,66,99
32->33 58,86,85 55,89,87 1.0,1.0,1.0 58,87,85 55,90,87
33->34 78,58,74 73,47,69 1.0,1.0,1.0 78,58,74 73,47,69
34->35 98,89,94 93,86,88 1.0,1.0,1.0 97,88,94 94,86,90
35->36 99,65,74 98,61,69 1.0,1.0,1.0 97,65,74 96,61,69
36->37 68,84,67 74,89,73 1.0,1.0,1.0 68,84,67 74,89,73
37->38 94,79,66 94,77,66 1.0,1.0,1.0 92,79,66 92,77,66
38->39 81,70,91 26,73,14 1.0,1.0,1.0 81,70,91 26,71,14
39->40 81,98,76 80,97,74 1.0,1.0,1.0 81,97,76 80,96,74
40->41 91,50,65 91,52,66 1.0,1.0,1.0 90,50,65 90,52,66
41->42 79,91,65 80,93,58 1.0,1.0,1.0 78,90,65 79,93,58
42->43 95,63,60 18,58,57 1.0,1.0,1.0 96,62,60 18,58,57
43->44 77,78,99 78,79,99 1.0,1.0,1.0 78,77,99 79,78,99
44->45 88,79,91 34,72,84 1.0,1.0,1.0 89,78,90 34,72,85
45->46 78,50,79 76,53,84 1.0,1.0,1.0 78,50,79 76,53,85
46->47 89,98,83 95,23,88 1.0,1.0,1.0 91,99,83 96,23,88
47->48 78,74,75 83,79,80 1.0,1.0,1.0 77,74,75 83,79,80
48->49 92,63,32 89,61,32 1.0,1.0,1.0 94,63,32 91,61,32
49->50 14,86,85 15,85,84 1.0,1.0,1.0 14,86,84 15,85,82
50->51 81,74,97 79,76,43 1.0,1.0,1.0 81,74,97 79,76,43
51->52 74,65,96 78,65,98 1.0,1.0,1.0 74,65,94 78,65,97
52->53 85,92,87 80,88,83 1.0,1.0,1.0 86,94,87 81,88,82
53->54 73,72,98 75,76,98 1.0,1.0,1.0 73,72,99 75,76,99
54->55 74,73,98 75,74,99 1.0,1.0,1.0 74,73,99 75,74,99
55->56 75,74,99 72,71,96 1.0,1.0,1.0 75,74,99 72,71,99
56->57 59,97,1 61,95,2 1.0,1.0,1.0 60,98,1 62,96,2
57->58 16,83,75 18,91,79 1.0,1.0,1.0 16,84,75 18,93,79
58->59 83,91,87 79,84,27 1.0,1.0,1.0 83,93,87 79,85,27
59->60 74,73,97 77,76,97 1.0,1.0,1.0 74,73,99 77,76,99
60->61 72,70,97 72,71,99 1.0,1.0,1.0 71,69,99 72,70,99
61->62 90,92,60 90,91,59 1.0,1.0,1.0 90,88,59 91,90,60
62->63 46,95,96 7,49,96 1.0,1.0,1.0 46,94,97 7,49,96
