[Sim1->Si] [Cid_im10,Cid_im11,Cid_im12] [Cid_i0,Cid_i1,Cid_i2] [IS_0, IS_1, IS_2] [Sz_im10,Sz_im11,Sz_im12] [Sz_i0,Sz_i1,Sz_i2] [RankSz_im10,RankSz_im11,RankSz_im12] [RankSz_i0,RankSz_i1,RankSz_i2]
1->2 81,80,97 84,83,98 1.0,1.0,1.0 81,80,99 84,83,99
2->3 84,83,98 86,85,99 1.0,1.0,1.0 84,83,99 86,85,99
3->4 85,84,99 83,82,98 1.0,1.0,1.0 85,84,99 83,82,99
4->5 76,85,83 76,82,80 1.0,1.0,1.0 77,85,83 77,82,80
5->6 88,79,76 86,79,73 1.0,1.0,1.0 88,79,77 87,79,74
6->7 84,82,98 86,83,98 1.0,1.0,1.0 83,82,99 85,83,99
7->8 80,81,98 82,84,99 1.0,1.0,1.0 80,81,99 82,84,99
8->9 83,82,99 40,80,98 1.0,1.0,1.0 83,82,99 40,80,99
9->10 93,21,90 91,17,6 1.0,1.0,1.0 93,21,89 90,17,6
10->11 76,98,15 33,99,17 1.0,1.0,1.0 76,98,15 33,99,17
11->12 79,96,94 79,94,92 1.0,1.0,1.0 79,95,93 79,93,91
12->13 73,64,80 76,68,84 1.0,1.0,1.0 74,64,80 77,68,84
13->14 84,81,59 79,28,56 1.0,1.0,1.0 84,81,59 79,28,56
14->15 73,96,87 72,92,24 1.0,1.0,1.0 73,96,87 72,92,24
15->16 48,84,79 54,87,80 1.0,1.0,1.0 48,83,79 54,87,80
16->17 86,85,78 34,85,68 1.0,1.0,1.0 86,85,78 34,85,68
17->18 15,81,97 15,81,98 1.0,1.0,1.0 15,81,97 15,81,98
18->19 90,96,51 92,98,55 1.0,1.0,1.0 90,96,51 92,98,55
19->20 88,82,16 87,82,16 1.0,1.0,1.0 87,81,16 87,81,16
20->21 89,79,73 86,15,62 1.0,1.0,1.0 89,79,73 86,15,62
21->22 93,83,63 96,85,60 1.0,1.0,1.0 94,83,63 95,85,60
22->23 76,64,85 75,62,83 1.0,1.0,1.0 75,64,85 74,62,83
23->24 85,86,49 86,88,45 1.0,1.0,1.0 85,86,49 86,88,45
24->25 90,93,83 91,93,86 1.0,1.0,1.0 90,95,83 91,94,86
25->26 59,71,82 55,60,42 1.0,1.0,1.0 59,71,82 55,60,42
26->27 91,93,80 97,98,84 1.0,1.0,1.0 90,92,80 96,99,84
27->28 93,88,82 91,24,82 1.0,1.0,1.0 93,88,82 91,24,82
28->29 95,85,92 88,83,87 1.0,1.0,1.0 93,85,92 88,83,87
29->30 83,84,97 83,85,99 1.0,1.0,1.0 83,84,99 83,85,99
30->31 57,81,96 52,79,97 1.0,1.0,1.0 57,81,96 52,79,97
31->32 90,81,83 88,76,81 1.0,1.0,1.0 89,81,84 87,76,81
32->33 78,95,94 81,97,96 1.0,1.0,1.0 78,96,94 81,98,96
33->34 84,81,99 82,79,99 1.0,1.0,1.0 84,81,99 82,79,99
34->35 76,65,63 72,64,62 1.0,1.0,1.0 76,65,63 72,64,62
35->36 33,84,98 33,85,38 1.0,1.0,1.0 33,84,98 33,85,38
36->37 82,90,88 75,86,83 1.0,1.0,1.0 82,90,88 75,86,83
37->38 84,85,78 87,25,83 1.0,1.0,1.0 84,85,78 87,25,83
38->39 92,86,77 90,84,73 1.0,1.0,1.0 93,86,77 91,84,73
39->40 80,74,90 78,73,88 1.0,1.0,1.0 80,74,91 78,73,89
40->41 71,84,82 74,87,86 1.0,1.0,1.0 71,84,82 74,87,86
41->42 82,99,94 82,98,94 1.0,1.0,1.0 82,98,94 82,99,94
42->43 89,87,86 89,87,22 1.0,1.0,1.0 88,87,86 88,87,22
43->44 94,87,90 96,89,92 1.0,1.0,1.0 94,87,90 96,89,92
44->45 77,99,96 76,97,95 1.0,1.0,1.0 77,97,96 76,97,95
45->46 80,78,99 82,80,99 1.0,1.0,1.0 80,78,99 82,80,99
46->47 85,84,99 30,83,99 1.0,1.0,1.0 85,84,99 30,83,99
47->48 70,66,80 60,67,82 1.0,1.0,1.0 70,66,80 60,67,82
48->49 82,62,87 78,60,84 1.0,1.0,1.0 82,62,87 78,60,84
49->50 84,96,73 83,94,39 1.0,1.0,1.0 84,95,73 83,93,39
50->51 84,16,79 85,18,70 1.0,1.0,1.0 84,16,79 85,18,70
51->52 91,61,83 93,58,87 1.0,1.0,1.0 91,61,83 93,58,86
52->53 92,84,55 89,82,51 1.0,1.0,1.0 92,84,55 89,82,51
53->54 74,95,76 70,98,75 1.0,1.0,1.0 73,95,76 70,96,75
54->55 85,82,99 22,84,98 1.0,1.0,1.0 85,82,99 22,84,99
55->56 87,76,99 82,74,94 1.0,1.0,1.0 88,75,98 83,74,93
56->57 57,78,82 60,81,89 1.0,1.0,1.0 57,78,83 60,81,88
57->58 84,87,94 85,25,94 1.0,1.0,1.0 85,86,95 84,25,95
58->59 94,99,65 94,4,37 1.0,1.0,1.0 95,97,65 95,4,37
59->60 92,89,85 92,89,85 1.0,1.0,1.0 93,88,85 92,90,85
60->61 78,90,99 71,84,99 1.0,1.0,1.0 78,89,99 71,85,99
61->62 72,95,86 77,95,86 1.0,1.0,1.0 72,94,88 77,96,88
62->63 75,86,96 70,86,4 1.0,1.0,1.0 75,88,95 70,84,4
63->64 83,75,71 84,74,64 1.0,1.0,1.0 82,75,71 85,74,64
64->65 92,87,77 93,86,19 1.0,1.0,1.0 92,87,78 91,87,19
65->66 87,97,88 87,92,88 1.0,1.0,1.0 86,96,90 86,93,89
