[Sim1->Si] [Cid_im10,Cid_im11,Cid_im12] [Cid_i0,Cid_i1,Cid_i2] [IS_0, IS_1, IS_2] [Sz_im10,Sz_im11,Sz_im12] [Sz_i0,Sz_i1,Sz_i2] [RankSz_im10,RankSz_im11,RankSz_im12] [RankSz_i0,RankSz_i1,RankSz_i2]
1->2 7,1,5 6,1,4 0.9892141756548536,0.9915903768362785,0.9934341992577791 7,1,5 6,1,4
2->3 7,1,8 7,1,8 0.975625,0.9931211462380155,0.981652722735946 7,1,8 7,1,8
3->4 7,1,5 7,1,4 0.9897481331477028,0.9927761685083861,0.994141547765284 7,1,5 7,1,4
4->5 7,4,1 6,5,1 0.9829872404303227,0.9891242670701721,0.9968720788092328 7,4,1 6,5,1
5->6 7,5,1 7,4,1 0.9915331509704312,0.9944945420028477,0.9965620971207564 7,5,1 7,4,1
6->7 4,6,1 4,6,1 0.9844427682443899,0.9940150261046734,0.9957808924485125 4,6,1 4,6,1
7->8 1,4,7 1,5,6 0.9863307807915265,0.9891200610803589,0.9865073245952197 1,4,7 1,5,6
8->9 5,1,7 4,1,7 0.992047523234646,0.9949824928708082,0.9970137626590496 5,1,7 4,1,7
9->10 7,4,1 8,4,1 0.9918032786885246,0.9970226661544372,0.992287548875417 7,4,1 8,4,1
10->11 8,4,1 7,4,1 0.9830486872291614,0.9886104783599089,0.9958948505581563 8,4,1 7,4,1
11->12 4,7,1 4,6,1 0.9909961141124064,0.9921452485191862,0.9985933780566977 4,7,1 4,6,1
12->13 7,1,6 6,1,7 0.9914597293391144,0.9983786705098181,0.9962624049490914 7,1,6 6,1,7
13->14 1,7,4 1,7,5 0.9818110208027498,0.9831684440447128,0.9890881487807193 1,7,4 1,7,5
14->15 9,1,7 9,1,7 0.9912568306010929,0.9959620211721052,0.9983112496752403 9,1,7 9,1,7
15->16 4,7,1 4,7,1 0.9790170132325142,0.9887799845241166,0.9903488161937466 4,7,1 4,7,1
16->17 9,7,4 9,7,5 0.985259526423083,0.9956992050045614,0.9960750526517327 9,7,4 9,7,5
17->18 0,1,7 0,1,7 0.9814339807011115,0.9961203074194502,0.989159891598916 0,1,7 0,1,7
18->19 9,7,1 9,6,1 0.9840156581308106,0.9856808122884665,0.995175085898092 9,7,1 9,6,1
19->20 4,6,1 4,7,1 0.9929550647372429,0.9963162741744507,0.998427040275085 4,6,1 4,7,1
20->21 7,1,4 7,1,5 0.988878712547429,0.9928563618471408,0.9957297399886127 7,1,4 7,1,5
21->22 5,1,8 4,1,8 0.9893476621417798,0.993857179421551,0.9895221463724401 5,1,8 4,1,8
22->23 4,7,1 4,7,1 0.9850322091701402,0.9881672363923218,0.9979446524260442 4,7,1 4,7,1
23->24 4,1,7 4,1,7 0.9832890239270794,0.99198133838752,0.9936650389336149 4,1,7 4,1,7
24->25 1,7,4 1,7,4 0.980435977285217,0.9816550085785931,0.992920015308075 1,7,4 1,7,4
25->26 6,1,7 6,1,7 0.9826174581181509,0.9936464293676154,0.998539176626826 6,1,7 6,1,7
26->27 8,4,6 8,4,6 0.9747173366834171,0.9835410522309961,0.9822590938098277 8,4,6 8,4,6
27->28 8,7,2 8,6,1 0.9778892896346244,0.983098972417523,0.9941238379231714 8,7,2 8,6,1
28->29 6,1,9 7,1,9 0.9794400108210469,0.9936221684627227,0.9848134697920106 6,1,9 7,1,9
29->30 7,4,1 6,4,2 0.9878921298844249,0.9917038927887684,0.9941919303031637 7,4,1 6,4,2
30->31 9,2,4 9,1,4 0.9922120961060481,0.9940528634361233,0.9936594202898551 9,2,4 9,1,4
31->32 8,1,7 8,2,7 0.9891685250079644,0.9953205015009712,0.990808066950199 8,1,7 8,2,7
32->33 8,2,4 8,1,4 0.9915672235481304,0.9943599911874862,0.9954491671975971 8,2,4 8,1,4
33->34 7,4,1 7,4,2 0.9847611202635914,0.9868539528182965,0.9913139329805997 7,4,1 7,4,2
34->35 7,4,2 7,4,2 0.9792731794942656,0.9793646483844691,0.9915228045388317 7,4,2 7,4,2
35->36 4,6,2 4,5,1 0.990625,0.9914883268482491,0.995576199955762 4,6,2 4,5,1
36->37 7,8,1 7,8,2 0.9821904361239658,0.9923465233675297,0.9930301292514006 7,8,1 7,8,2
37->38 2,7,4 1,7,4 0.9925363246919577,0.9954648526077098,0.995616898256085 2,7,4 1,7,4
38->39 8,1,7 8,2,7 0.9865707434052757,0.9929900361520149,0.9884229846110405 8,1,7 8,2,7
39->40 7,2,4 7,1,4 0.9847930160518164,0.9940299827532835,0.9856219856219857 7,2,4 7,1,4
40->41 0,7,1 0,7,1 0.9838363470794849,0.9965889710062535,0.9970282977024749 0,7,1 0,7,1
41->42 7,1,6 8,2,6 0.9902789518174133,0.9923522390698908,0.9944436915571215 7,1,6 8,2,6
42->43 9,3,2 7,3,1 0.9780114722753346,0.9791666666666666,0.9959190915542938 9,3,2 7,3,1
43->44 7,1,4 8,1,4 0.984116797689716,0.9927866530955437,0.9946654188114179 7,1,4 8,1,4
44->45 4,3,1 4,3,2 0.9794564716720405,0.9842871655943108,0.9927343611554138 4,3,1 4,3,2
45->46 7,4,2 7,4,2 0.9889025893958077,0.9924742172256805,0.9940360487718678 7,4,2 7,4,2
46->47 0,4,2 0,4,1 0.9804953888555175,0.9940365262765561,0.9901129943502824 0,4,2 0,4,1
47->48 3,9,1 3,8,1 0.9860335195530726,0.9899591558883595,0.9958281555121605 3,9,1 3,8,1
48->49 4,7,1 4,7,1 0.9890385508592662,0.9929980903882877,0.9968915138327634 4,7,1 4,7,1
49->50 6,4,1 5,4,1 0.9665132924335378,0.9856867602532342,0.9938268863525337 6,4,1 5,4,1
50->51 7,6,0 7,6,0 0.9867976171308968,0.9905804480651731,0.9879595932111153 7,6,0 7,6,0
51->52 4,2,6 4,1,5 0.9847137298499167,0.995281734869794,0.9897922421039991 4,2,6 4,1,5
52->53 7,1,4 7,2,4 0.9848484848484849,0.9946262823644357,0.9937691806937599 7,1,4 7,2,4
53->54 4,5,2 4,6,2 0.9864864864864865,0.9898022634000746,0.9922006558539396 4,5,2 4,6,2
54->55 9,2,4 8,1,4 0.982287188306105,0.9849650816244829,0.9858595194085028 9,2,4 8,1,4
55->56 8,4,1 9,4,1 0.9853192215773301,0.9927279507738206,0.9946487993524598 8,4,1 9,4,1
56->57 4,1,6 4,1,6 0.9775694061408348,0.9781798829164449,0.9814519100847562 4,1,6 4,1,6
57->58 7,1,6 7,1,6 0.9846128662628908,0.9918210573881608,0.9937269372693727 7,1,6 7,1,6
58->59 1,4,6 2,4,5 0.9833631484794275,0.9862530187627717,0.987355757426958 1,4,6 2,4,5
59->60 8,4,2 6,4,1 0.9727726760109554,0.9882242990654205,0.9878891951737538 8,4,2 6,4,1
60->61 7,1,4 8,1,4 0.9749915511997297,0.9840886295249385,0.9868934746235359 7,1,4 8,1,4
61->62 4,7,1 4,7,1 0.9837747109287579,0.9864712514092446,0.9979690745441957 4,7,1 4,7,1
62->63 9,6,1 8,6,0 0.986266531027467,0.9873757722266989,0.9954313113493464 9,6,1 8,6,0
63->64 4,6,9 5,6,7 0.9835761343602115,0.9872881355932204,0.9846605744125326 4,6,9 5,6,7
64->65 5,7,1 4,7,1 0.9801299907149489,0.9842045269500082,0.9924923533228288 5,7,1 4,7,1
65->66 9,4,1 9,3,0 0.9783825516309593,0.984251968503937,0.9936290922619048 9,4,1 9,3,0
