s_im1 -> s_i             [ID_im1, ID_i]
1 -> 2             [[17, 16], [1812, 1809], [341, 190], [710, 703], [1136, 1134], [1366, 1366], [1461, 1460], [89, 90], [856, 850], [236, 2221], [301, 299], [360, 358], [16, 15], [268, 265], [1954, 1940], [1336, 1338], [1844, 1838], [18, 17], [503, 497], [81, 80], [185, 189], [280, 280], [620, 611], [1043, 1043], [590, 1129], [191, 193], [708, 701], [383, 378], [422, 417], [162, 164], [209, 212], [258, 255], [573, 561], [259, 256], [25, 23], [320, 319], [62, 61], [206, 208], [4, 184], [139, 93], [293, 291], [9, 8], [88, 89], [39, 36], [212, 215], [0, 0], [100, 101]]
2 -> 3             [[460, 456], [1392, 1386], [1096, 1098], [568, 614], [1809, 1816], [703, 705], [1460, 1459], [1366, 1360], [850, 859], [90, 83], [299, 296], [358, 358], [15, 16], [1940, 1955], [1338, 1334], [1838, 1844], [800, 809], [17, 18], [497, 492], [80, 76], [267, 491], [189, 182], [280, 277], [611, 612], [1043, 1046], [1129, 149], [701, 234], [193, 187], [164, 159], [417, 416], [212, 206], [561, 563], [217, 211], [23, 24], [319, 316], [208, 202], [184, 4], [93, 135], [291, 288], [8, 9], [89, 82], [36, 36], [215, 209], [0, 0], [101, 95]]
3 -> 4             [[1098, 1086], [1386, 1360], [17, 17], [1816, 1773], [705, 707], [1360, 1338], [1459, 1429], [83, 86], [859, 852], [358, 356], [296, 301], [16, 16], [1334, 1311], [1955, 1912], [1844, 1645], [18, 18], [492, 498], [76, 76], [723, 721], [182, 1091], [7, 7], [277, 283], [612, 618], [1046, 1034], [149, 588], [234, 236], [380, 377], [187, 190], [416, 414], [206, 209], [254, 259], [563, 569], [57, 58], [24, 23], [316, 320], [202, 205], [4, 4], [135, 89], [9, 9], [82, 85], [36, 35], [0, 0], [209, 212], [28, 27], [95, 96]]
4 -> 5             [[460, 452], [1273, 1268], [575, 611], [17, 17], [1360, 1362], [1773, 1762], [707, 702], [1429, 1421], [1338, 1341], [852, 848], [356, 347], [301, 293], [16, 16], [1912, 1897], [1311, 1311], [1645, 2032], [802, 797], [498, 487], [18, 18], [76, 77], [721, 717], [7, 7], [63, 64], [283, 274], [618, 609], [1034, 1027], [588, 576], [236, 700], [190, 183], [161, 155], [414, 408], [209, 202], [569, 557], [213, 206], [23, 24], [320, 311], [205, 198], [4, 4], [89, 132], [294, 285], [9, 9], [85, 84], [35, 36], [0, 0], [212, 205], [27, 28], [96, 90]]
5 -> 6             [[1268, 1298], [17, 17], [1362, 502], [702, 710], [1762, 1788], [1421, 1459], [85, 87], [1341, 1366], [848, 858], [229, 88], [347, 351], [105, 61], [293, 296], [3, 3], [16, 16], [1897, 1922], [1311, 1341], [2032, 1667], [487, 496], [77, 80], [18, 18], [717, 727], [274, 276], [609, 612], [1027, 1051], [576, 1134], [700, 232], [183, 188], [408, 412], [155, 160], [202, 207], [250, 252], [557, 566], [206, 211], [69, 71], [24, 25], [311, 315], [198, 203], [4, 4], [132, 92], [285, 289], [9, 9], [84, 86], [36, 38], [0, 0], [205, 210], [90, 100]]
6 -> 7             [[1103, 1080], [1298, 1262], [17, 17], [755, 730], [710, 690], [1788, 1760], [1459, 1419], [858, 841], [296, 290], [351, 347], [16, 16], [1922, 1896], [262, 255], [1341, 1302], [1667, 1634], [80, 78], [810, 790], [18, 18], [496, 492], [276, 270], [612, 602], [1051, 1024], [1134, 1112], [188, 182], [232, 224], [412, 410], [160, 157], [207, 200], [252, 245], [566, 554], [211, 204], [25, 24], [61, 60], [315, 309], [203, 196], [4, 4], [92, 134], [289, 282], [9, 9], [86, 86], [38, 37], [0, 0], [210, 203], [100, 98]]
7 -> 8             [[1262, 1248], [17, 17], [1760, 1757], [690, 686], [1419, 1410], [1328, 1316], [841, 826], [2158, 1154], [347, 351], [290, 298], [16, 16], [255, 266], [1302, 1286], [1896, 1893], [1634, 2029], [492, 487], [18, 18], [78, 81], [65, 66], [270, 281], [1024, 1011], [1112, 563], [224, 684], [182, 189], [410, 406], [157, 163], [200, 208], [245, 256], [554, 549], [204, 213], [24, 25], [309, 317], [196, 204], [4, 181], [134, 137], [282, 291], [9, 9], [86, 89], [37, 38], [203, 211], [0, 0], [98, 101]]
8 -> 9             [[912, 923], [1421, 1431], [1248, 1262], [452, 454], [17, 17], [1099, 1108], [686, 693], [1757, 1754], [1316, 1328], [1410, 1421], [90, 84], [826, 838], [351, 350], [298, 294], [3, 3], [16, 16], [1286, 1303], [1893, 1893], [2029, 2031], [487, 1247], [81, 76], [18, 18], [7, 7], [66, 63], [281, 275], [592, 597], [1011, 1020], [563, 568], [684, 691], [189, 187], [163, 158], [406, 406], [208, 204], [256, 252], [549, 551], [257, 253], [213, 208], [25, 25], [61, 58], [317, 313], [204, 200], [181, 178], [137, 132], [291, 286], [9, 9], [89, 83], [38, 37], [0, 0], [211, 207], [101, 96]]
9 -> 10             [[1355, 1317], [1431, 1389], [557, 549], [1262, 1226], [17, 17], [1754, 1715], [1108, 1084], [1421, 1379], [1328, 1293], [693, 675], [84, 89], [838, 817], [231, 1138], [350, 339], [294, 288], [16, 16], [3, 3], [1303, 1265], [1893, 1842], [2031, 1743], [792, 767], [18, 18], [76, 79], [275, 271], [1020, 1004], [187, 184], [691, 226], [406, 399], [158, 157], [204, 200], [252, 247], [551, 543], [208, 204], [25, 24], [313, 306], [58, 60], [200, 197], [178, 4], [132, 136], [286, 281], [9, 9], [83, 88], [37, 38], [207, 203], [0, 0], [96, 101]]
10 -> 11             [[1317, 1311], [1389, 1905], [1226, 1216], [1715, 1711], [675, 669], [1379, 1372], [89, 87], [817, 813], [288, 285], [339, 337], [16, 16], [1842, 1845], [257, 253], [1265, 1257], [1743, 1744], [79, 78], [18, 18], [688, 684], [271, 267], [589, 585], [560, 1072], [1004, 990], [184, 182], [226, 667], [360, 360], [399, 398], [157, 152], [200, 199], [247, 243], [543, 540], [204, 203], [24, 24], [60, 60], [306, 304], [197, 195], [4, 172], [136, 132], [281, 278], [9, 9], [88, 86], [38, 37], [203, 202], [0, 0], [101, 98]]
11 -> 12             [[1216, 1197], [439, 418], [1311, 1285], [1711, 1670], [669, 656], [1372, 1347], [87, 86], [813, 793], [285, 278], [337, 330], [16, 16], [3, 3], [1845, 1802], [1257, 1236], [1744, 1934], [18, 18], [78, 77], [684, 669], [7, 7], [65, 64], [267, 258], [990, 972], [585, 565], [1072, 1059], [182, 176], [667, 654], [398, 380], [152, 151], [199, 192], [243, 235], [540, 518], [24, 25], [304, 294], [60, 59], [195, 188], [172, 4], [132, 128], [278, 270], [9, 9], [86, 85], [37, 37], [0, 0], [202, 195], [98, 91]]
12 -> 13             [[1361, 1349], [875, 1017], [1197, 1189], [656, 653], [1670, 1651], [1263, 1254], [1347, 1336], [86, 86], [793, 791], [87, 87], [330, 337], [278, 285], [3, 3], [16, 15], [1802, 1778], [1236, 1228], [1934, 1529], [77, 77], [748, 746], [18, 17], [258, 267], [565, 566], [972, 968], [1059, 1046], [654, 651], [176, 185], [380, 396], [192, 202], [235, 242], [518, 524], [236, 243], [197, 206], [25, 24], [294, 301], [188, 198], [4, 4], [128, 136], [270, 278], [9, 8], [85, 85], [37, 36], [0, 0], [195, 205], [91, 98]]
13 -> 14             [[973, 926], [1344, 1294], [1349, 1785], [1017, 970], [1189, 1138], [16, 15], [1275, 1227], [653, 623], [1651, 1610], [2003, 1946], [1336, 1287], [791, 754], [285, 273], [337, 318], [15, 14], [1228, 1178], [1529, 1486], [17, 16], [77, 76], [746, 713], [63, 64], [267, 257], [566, 541], [1046, 517], [968, 921], [651, 621], [185, 180], [396, 375], [202, 197], [242, 235], [524, 501], [206, 201], [69, 69], [24, 24], [301, 289], [198, 193], [4, 4], [136, 133], [278, 267], [8, 17], [85, 85], [36, 37], [205, 200], [0, 0], [98, 98]]
14 -> 15             [[779, 797], [926, 943], [1294, 1306], [970, 847], [1785, 1311], [1138, 1159], [407, 417], [659, 672], [1227, 1241], [1610, 1603], [623, 638], [1204, 1220], [1287, 1300], [86, 83], [108, 56], [754, 770], [217, 212], [318, 329], [273, 279], [14, 14], [3, 3], [245, 246], [1178, 1195], [1486, 1489], [16, 16], [76, 74], [7, 7], [247, 102], [257, 260], [541, 554], [921, 938], [517, 525], [621, 636], [180, 175], [341, 348], [375, 383], [197, 192], [236, 236], [201, 196], [24, 23], [289, 296], [193, 188], [4, 4], [133, 129], [267, 271], [17, 17], [85, 82], [37, 35], [0, 0], [200, 195], [98, 94]]
15 -> 16             [[943, 936], [1703, 1721], [797, 787], [297, 289], [1306, 1306], [847, 985], [1311, 1799], [417, 416], [1159, 1155], [1241, 1237], [672, 514], [1603, 1611], [638, 635], [1300, 1298], [770, 759], [83, 86], [279, 273], [212, 1990], [329, 322], [14, 14], [1724, 1742], [1195, 1190], [1489, 1492], [74, 77], [16, 16], [260, 254], [554, 556], [938, 932], [525, 526], [636, 210], [175, 174], [383, 379], [192, 190], [235, 229], [507, 509], [196, 194], [23, 24], [296, 288], [56, 59], [188, 186], [4, 165], [129, 129], [271, 266], [82, 85], [35, 36], [0, 0], [195, 193], [94, 96]]
16 -> 17             [[936, 919], [787, 771], [1306, 1287], [1799, 1293], [985, 963], [1155, 1137], [1237, 1220], [1611, 1581], [1962, 1288], [635, 617], [1298, 1280], [1214, 1199], [759, 744], [86, 85], [273, 272], [322, 319], [1990, 210], [1742, 1710], [14, 14], [239, 240], [1190, 1172], [1492, 1468], [77, 77], [717, 700], [16, 16], [648, 632], [254, 254], [556, 534], [932, 912], [526, 143], [174, 174], [210, 615], [379, 364], [190, 190], [229, 230], [509, 492], [194, 195], [24, 24], [288, 288], [59, 60], [186, 186], [165, 4], [129, 129], [17, 17], [266, 264], [85, 84], [36, 37], [193, 193], [0, 0], [96, 96]]
17 -> 18             [[919, 446], [1287, 1155], [963, 636], [1293, 2069], [1220, 342], [1137, 5865], [1581, 374], [498, 801], [617, 384], [1280, 2049], [1288, 522], [1199, 1931], [744, 915], [85, 125], [210, 1131], [319, 509], [272, 425], [14, 27], [1710, 910], [1172, 527], [1468, 1069], [77, 113], [16, 29], [632, 15], [434, 158], [64, 96], [534, 869], [143, 200], [912, 628], [174, 272], [615, 324], [364, 474], [190, 137], [230, 238], [492, 791], [195, 307], [24, 40], [288, 428], [60, 82], [4, 4], [129, 213], [17, 30], [264, 201], [84, 123], [37, 56], [0, 0], [193, 212], [96, 90]]
18 -> 19             [[636, 641], [1155, 1139], [446, 1142], [1176, 67], [2069, 2733], [342, 1262], [28, 26], [801, 802], [374, 388], [384, 398], [1931, 1907], [2049, 2025], [522, 862], [915, 918], [125, 127], [425, 438], [509, 522], [1131, 128], [27, 25], [910, 912], [527, 539], [1069, 1061], [29, 27], [140, 142], [15, 14], [293, 310], [869, 871], [200, 206], [628, 635], [272, 286], [324, 342], [137, 139], [238, 249], [791, 794], [307, 325], [40, 40], [82, 59], [428, 441], [4, 263], [213, 220], [30, 28], [201, 207], [123, 125], [56, 57], [0, 0], [212, 219], [90, 37]]
19 -> 20             [[166, 159], [126, 122], [1142, 1147], [1139, 1143], [2733, 2716], [641, 631], [802, 793], [1262, 343], [388, 378], [398, 387], [2025, 2015], [918, 907], [1907, 1902], [127, 123], [438, 425], [522, 510], [128, 352], [3, 2], [115, 252], [25, 25], [539, 529], [399, 388], [1061, 1058], [27, 27], [10, 10], [310, 298], [98, 97], [206, 199], [635, 624], [488, 477], [286, 278], [342, 328], [354, 341], [139, 134], [249, 240], [794, 786], [146, 141], [325, 312], [315, 303], [40, 39], [59, 85], [441, 429], [263, 234], [220, 212], [28, 28], [207, 200], [125, 121], [57, 55], [0, 0], [219, 211], [37, 37]]
20 -> 21             [[159, 159], [122, 121], [1147, 440], [2716, 2688], [1143, 1134], [26, 28], [631, 631], [793, 793], [343, 1246], [378, 371], [387, 381], [2015, 1994], [907, 900], [123, 122], [510, 509], [352, 123], [425, 419], [2, 3], [25, 27], [902, 895], [529, 529], [388, 382], [1058, 1052], [27, 29], [137, 137], [298, 290], [860, 857], [199, 199], [624, 624], [278, 271], [328, 94], [341, 336], [134, 135], [786, 785], [312, 303], [39, 41], [429, 424], [85, 57], [234, 4], [212, 212], [28, 30], [200, 200], [121, 120], [55, 55], [0, 0], [211, 211], [37, 39]]
21 -> 22             [[440, 437], [121, 122], [1134, 1130], [2688, 2699], [28, 27], [1246, 1243], [793, 788], [381, 381], [371, 373], [2198, 2021], [1994, 2008], [1877, 1889], [900, 896], [246, 251], [122, 123], [472, 467], [509, 501], [123, 124], [419, 418], [27, 26], [3, 3], [895, 890], [529, 516], [1052, 1051], [29, 28], [15, 14], [11, 10], [290, 296], [95, 95], [199, 197], [857, 852], [624, 613], [271, 277], [94, 94], [135, 135], [236, 238], [785, 778], [295, 300], [141, 142], [303, 309], [41, 40], [424, 421], [4, 4], [212, 210], [30, 29], [200, 198], [120, 121], [55, 55], [0, 0], [211, 209], [39, 90]]
22 -> 23             [[122, 122], [437, 1142], [2699, 2014], [1130, 1137], [620, 635], [1387, 82], [27, 27], [788, 1029], [373, 379], [381, 388], [2008, 1990], [1889, 1879], [896, 904], [123, 123], [251, 253], [467, 474], [501, 506], [418, 429], [124, 124], [26, 26], [3, 3], [516, 526], [890, 898], [382, 389], [1051, 1059], [28, 28], [14, 14], [10, 10], [385, 398], [296, 301], [852, 858], [613, 475], [197, 201], [277, 280], [94, 95], [135, 137], [238, 241], [778, 785], [300, 306], [309, 315], [40, 40], [421, 128], [4, 4], [210, 15], [29, 29], [198, 202], [121, 121], [55, 55], [0, 0], [209, 213], [90, 91]]
23 -> 24             [[163, 157], [122, 121], [1142, 423], [1137, 1079], [27, 27], [635, 589], [2014, 2597], [379, 361], [388, 368], [1879, 1817], [1990, 1926], [904, 858], [123, 122], [253, 2762], [285, 543], [474, 3719], [429, 405], [124, 334], [506, 474], [26, 26], [898, 853], [526, 492], [389, 369], [1059, 997], [140, 136], [28, 28], [14, 15], [301, 286], [96, 94], [858, 812], [201, 194], [87, 243], [475, 583], [280, 267], [95, 313], [345, 326], [275, 543], [137, 134], [241, 230], [306, 1162], [785, 732], [315, 299], [40, 39], [82, 55], [128, 375], [4, 245], [15, 207], [29, 29], [202, 195], [121, 120], [55, 53], [0, 0], [213, 206], [91, 234]]
24 -> 25             [[157, 154], [333, 322], [121, 121], [423, 1058], [444, 426], [1079, 1054], [589, 575], [2597, 2525], [740, 956], [361, 346], [368, 355], [1926, 1887], [122, 122], [858, 841], [474, 459], [405, 390], [334, 1032], [26, 24], [853, 835], [492, 475], [997, 978], [28, 26], [15, 13], [286, 278], [194, 187], [583, 569], [267, 260], [313, 92], [134, 132], [230, 224], [732, 720], [299, 292], [98, 98], [39, 38], [375, 393], [55, 80], [245, 4], [207, 200], [29, 27], [195, 188], [120, 120], [53, 53], [0, 0], [206, 199]]
25 -> 26             [[1269, 1236], [519, 504], [148, 145], [322, 317], [154, 151], [1058, 399], [25, 25], [1054, 1027], [575, 553], [2525, 2490], [956, 705], [355, 346], [346, 338], [2081, 2027], [1887, 1838], [1780, 1731], [841, 811], [122, 118], [390, 380], [1032, 1007], [459, 454], [24, 24], [835, 805], [475, 468], [978, 949], [221, 219], [26, 26], [278, 274], [187, 184], [569, 547], [260, 259], [92, 91], [132, 129], [224, 224], [720, 697], [137, 135], [292, 286], [38, 36], [393, 384], [4, 239], [200, 196], [27, 27], [120, 117], [53, 52], [0, 0], [199, 195]]
26 -> 27             [[1236, 1257], [504, 514], [317, 319], [151, 152], [1027, 1041], [2490, 1892], [25, 24], [553, 568], [705, 941], [346, 898], [338, 340], [1838, 1870], [811, 821], [118, 118], [2027, 770], [380, 383], [1007, 1020], [454, 451], [3, 3], [24, 23], [805, 815], [949, 965], [468, 468], [131, 130], [26, 25], [274, 273], [184, 188], [547, 561], [259, 254], [91, 298], [310, 312], [129, 128], [224, 222], [697, 710], [286, 287], [79, 77], [97, 94], [36, 35], [384, 387], [239, 236], [196, 199], [27, 26], [117, 117], [52, 52], [0, 0], [195, 198]]
27 -> 28             [[1257, 1213], [314, 1106], [608, 590], [514, 500], [152, 151], [319, 307], [2179, 2184], [1041, 1004], [568, 550], [941, 699], [340, 330], [1765, 1690], [1870, 1799], [821, 799], [118, 114], [383, 375], [451, 445], [1020, 308], [965, 2052], [23, 22], [348, 339], [815, 794], [468, 459], [130, 129], [25, 24], [13, 14], [90, 88], [273, 264], [188, 180], [561, 543], [298, 287], [254, 247], [312, 300], [128, 127], [222, 214], [710, 691], [134, 133], [287, 278], [94, 93], [35, 34], [387, 379], [199, 191], [236, 4], [26, 25], [117, 113], [52, 50], [0, 0], [198, 190]]
28 -> 29             [[630, 601], [500, 486], [1213, 1160], [983, 941], [590, 565], [307, 302], [144, 139], [23, 22], [550, 531], [1004, 965], [1817, 1735], [699, 124], [1731, 1658], [330, 321], [1799, 1718], [1690, 1621], [184, 181], [754, 719], [114, 111], [375, 364], [308, 942], [445, 431], [22, 21], [794, 756], [459, 443], [24, 23], [209, 203], [129, 125], [14, 13], [343, 340], [264, 259], [180, 176], [543, 525], [287, 283], [247, 242], [300, 276], [127, 123], [214, 208], [691, 662], [278, 272], [40, 40], [34, 33], [379, 367], [4, 220], [191, 188], [25, 24], [113, 110], [50, 50], [0, 0], [190, 187]]
29 -> 30             [[941, 1689], [1160, 1092], [601, 568], [486, 451], [565, 532], [147, 131], [139, 124], [302, 282], [2103, 1715], [1735, 1616], [531, 493], [965, 904], [321, 298], [1658, 1537], [1718, 1594], [1621, 1506], [111, 97], [719, 407], [364, 334], [431, 397], [2, 3], [21, 19], [443, 410], [756, 715], [23, 20], [203, 186], [13, 265], [259, 236], [176, 161], [525, 490], [283, 258], [81, 69], [242, 222], [123, 3883], [208, 191], [662, 624], [128, 112], [272, 246], [76, 65], [33, 29], [367, 338], [188, 170], [220, 201], [24, 21], [110, 96], [50, 46], [0, 0], [187, 549]]
30 -> 31             [[568, 565], [451, 457], [532, 533], [131, 131], [124, 123], [282, 280], [904, 905], [493, 499], [631, 824], [298, 298], [1506, 1490], [1594, 1581], [97, 96], [1537, 1521], [334, 337], [397, 403], [19, 20], [715, 716], [305, 306], [110, 110], [20, 21], [186, 188], [161, 161], [490, 494], [222, 224], [258, 261], [273, 273], [191, 193], [624, 621], [112, 111], [246, 250], [36, 39], [29, 32], [338, 340], [341, 169], [201, 189], [170, 103], [21, 22], [96, 95], [46, 48], [0, 0]]
31 -> 32             [[1091, 1072], [833, 819], [457, 449], [565, 562], [533, 526], [123, 121], [131, 127], [280, 276], [905, 889], [2105, 2100], [499, 491], [1896, 1897], [23, 21], [824, 808], [298, 291], [1581, 1564], [1737, 401], [96, 95], [1521, 1509], [403, 393], [337, 327], [3, 2], [414, 404], [10, 8], [20, 18], [306, 299], [716, 706], [110, 108], [21, 19], [310, 123], [188, 187], [240, 237], [161, 160], [494, 487], [224, 221], [201, 69], [261, 259], [273, 269], [193, 192], [621, 613], [250, 247], [32, 30], [340, 331], [189, 201], [103, 102], [22, 20], [94, 93], [95, 94], [48, 45], [0, 0]]
32 -> 33             [[1164, 1158], [365, 373], [460, 468], [638, 709], [449, 455], [121, 120], [276, 276], [127, 126], [889, 893], [2100, 2100], [491, 498], [808, 812], [291, 292], [1471, 1473], [1564, 1561], [401, 1825], [95, 96], [1509, 1508], [327, 332], [393, 400], [404, 414], [2, 3], [18, 19], [706, 713], [19, 20], [108, 108], [187, 186], [237, 235], [160, 160], [487, 493], [259, 256], [221, 220], [269, 268], [192, 190], [613, 620], [247, 245], [47, 67], [30, 31], [331, 336], [334, 306], [201, 4], [102, 171], [20, 21], [94, 95], [45, 48], [0, 0]]
33 -> 34             [[1912, 1734], [1158, 1045], [373, 337], [709, 637], [455, 410], [568, 508], [126, 120], [276, 258], [893, 811], [498, 447], [2100, 1910], [292, 270], [812, 735], [1561, 1424], [1825, 608], [1473, 1340], [96, 92], [1508, 1376], [332, 306], [414, 370], [400, 359], [9, 9], [19, 18], [713, 640], [300, 280], [309, 287], [108, 103], [20, 19], [186, 173], [235, 218], [160, 150], [493, 443], [220, 205], [199, 66], [256, 238], [268, 501], [190, 178], [620, 559], [245, 227], [38, 36], [31, 29], [336, 308], [306, 311], [4, 4], [171, 159], [21, 20], [95, 91], [48, 45], [0, 0]]
34 -> 35             [[1045, 1038], [746, 742], [1734, 1735], [50, 51], [337, 348], [508, 510], [120, 127], [258, 264], [76, 77], [811, 803], [1715, 1714], [447, 449], [1910, 1438], [735, 563], [270, 276], [1424, 1421], [1340, 1338], [608, 1650], [1376, 1370], [92, 94], [153, 160], [306, 315], [18, 18], [640, 642], [280, 287], [103, 109], [19, 19], [173, 179], [218, 227], [150, 157], [443, 445], [205, 212], [238, 246], [559, 560], [104, 110], [227, 236], [29, 29], [308, 317], [311, 321], [4, 192], [159, 166], [91, 93], [45, 46], [0, 0]]
35 -> 36             [[639, 644], [881, 891], [1735, 428], [1038, 1053], [59, 58], [742, 752], [348, 345], [380, 379], [510, 518], [121, 115], [470, 485], [264, 257], [77, 75], [803, 810], [21, 21], [1438, 1889], [449, 456], [276, 270], [563, 743], [370, 367], [1421, 1413], [1650, 615], [1338, 1334], [94, 91], [1370, 1367], [160, 155], [315, 309], [18, 18], [9, 9], [294, 288], [642, 647], [287, 279], [109, 103], [19, 19], [179, 174], [227, 221], [157, 152], [445, 451], [212, 207], [246, 239], [68, 66], [184, 179], [560, 568], [236, 218], [36, 36], [29, 29], [317, 311], [321, 315], [20, 20], [192, 4], [166, 161], [92, 89], [93, 90], [46, 45], [0, 0]]
36 -> 37             [[1616, 132], [428, 944], [644, 609], [1053, 980], [58, 52], [752, 704], [379, 362], [345, 329], [115, 105], [485, 454], [257, 242], [120, 111], [810, 762], [1889, 1775], [21, 20], [367, 537], [456, 431], [270, 255], [743, 694], [1413, 1332], [1334, 1257], [91, 84], [615, 1547], [1367, 1288], [155, 139], [309, 295], [18, 17], [9, 8], [647, 612], [279, 265], [103, 256], [19, 18], [174, 158], [221, 281], [152, 136], [451, 425], [207, 192], [239, 221], [66, 169], [179, 163], [568, 532], [36, 59], [29, 29], [311, 297], [20, 19], [315, 301], [4, 4], [161, 144], [90, 83], [45, 40], [0, 0]]
37 -> 38             [[132, 124], [704, 671], [980, 941], [329, 309], [484, 456], [454, 429], [242, 229], [111, 105], [1775, 1748], [431, 405], [20, 19], [694, 662], [255, 241], [1332, 1284], [1257, 1206], [1547, 548], [1288, 1239], [84, 78], [8, 9], [273, 256], [612, 578], [265, 248], [18, 18], [158, 151], [136, 128], [425, 400], [221, 213], [192, 183], [163, 156], [532, 502], [211, 203], [29, 27], [297, 280], [301, 284], [4, 164], [144, 135], [83, 77], [40, 38], [0, 0]]
38 -> 39             [[583, 578], [576, 572], [653, 644], [751, 745], [529, 523], [1731, 1584], [941, 936], [50, 50], [671, 663], [559, 555], [309, 307], [456, 452], [429, 421], [98, 97], [105, 103], [229, 230], [1748, 1294], [19, 18], [405, 398], [241, 241], [662, 652], [1206, 1203], [1284, 1276], [78, 80], [1239, 1232], [548, 1497], [3, 2], [9, 8], [256, 257], [578, 574], [248, 250], [265, 266], [18, 17], [151, 151], [128, 127], [400, 394], [183, 185], [213, 214], [162, 58], [88, 89], [203, 204], [297, 109], [27, 27], [280, 279], [284, 148], [135, 136], [274, 81], [77, 79], [38, 38], [0, 0]]
39 -> 40             [[572, 574], [578, 580], [745, 744], [12, 13], [794, 797], [1584, 1603], [50, 51], [718, 717], [936, 948], [663, 662], [307, 309], [421, 424], [230, 232], [97, 101], [103, 106], [1294, 1752], [1554, 1572], [242, 243], [398, 404], [241, 242], [652, 652], [871, 876], [277, 277], [1276, 1293], [1497, 1434], [80, 80], [1232, 1252], [130, 130], [2, 3], [574, 576], [266, 265], [250, 250], [17, 18], [151, 151], [127, 127], [394, 399], [214, 214], [185, 182], [441, 443], [58, 58], [156, 155], [495, 504], [89, 91], [204, 204], [27, 28], [279, 279], [164, 162], [148, 282], [136, 136], [81, 209], [79, 79], [38, 39], [0, 0]]
40 -> 41             [[744, 503], [643, 620], [580, 556], [797, 212], [1603, 1666], [51, 51], [717, 684], [948, 899], [662, 636], [309, 298], [456, 442], [424, 411], [232, 217], [106, 102], [1752, 1680], [404, 390], [243, 238], [242, 230], [876, 832], [652, 533], [277, 267], [1224, 1161], [1293, 1238], [80, 78], [1434, 1451], [1252, 1190], [258, 247], [265, 257], [576, 552], [250, 239], [18, 18], [151, 143], [261, 252], [127, 122], [399, 385], [182, 172], [214, 201], [58, 56], [443, 430], [155, 144], [504, 486], [91, 88], [204, 192], [179, 316], [28, 28], [279, 268], [162, 153], [282, 272], [136, 132], [79, 77], [39, 40], [0, 0]]
41 -> 42             [[507, 494], [620, 601], [556, 542], [1666, 1604], [51, 45], [899, 872], [212, 736], [636, 619], [537, 522], [298, 284], [442, 428], [97, 89], [411, 399], [217, 205], [64, 60], [102, 92], [1508, 1448], [390, 376], [19, 15], [1680, 1216], [230, 217], [533, 610], [267, 252], [1161, 1124], [1451, 1391], [78, 73], [1238, 1197], [1190, 1153], [126, 117], [3, 2], [9, 6], [247, 233], [552, 538], [239, 225], [18, 14], [143, 134], [122, 113], [172, 162], [385, 371], [201, 189], [56, 52], [88, 81], [192, 180], [28, 23], [268, 253], [272, 257], [132, 122], [77, 72], [40, 34], [0, 0]]
42 -> 43             [[263, 237], [1467, 740], [686, 431], [1604, 1450], [536, 762], [736, 632], [1375, 411], [872, 768], [619, 542], [45, 43], [284, 254], [428, 383], [399, 356], [205, 185], [92, 85], [60, 260], [376, 339], [1216, 1090], [15, 13], [217, 197], [610, 533], [252, 228], [1124, 1006], [1197, 1074], [1391, 1255], [1153, 1040], [2, 3], [233, 210], [225, 205], [14, 12], [134, 122], [113, 103], [371, 335], [189, 171], [52, 130], [180, 163], [23, 21], [122, 113], [72, 68], [34, 33], [0, 0]]
43 -> 44             [[227, 258], [522, 3548], [740, 343], [203, 359], [762, 905], [411, 69], [434, 253], [1450, 5445], [528, 642], [542, 206], [254, 289], [383, 445], [356, 118], [1306, 805], [1090, 430], [339, 2124], [533, 223], [228, 259], [1074, 392], [1255, 74], [1006, 312], [19, 15], [1040, 444], [3, 14], [205, 229], [12, 19], [122, 141], [103, 507], [335, 56], [171, 1369], [130, 150], [74, 87], [163, 76], [21, 32], [113, 53], [0, 1236], [33, 85]]
44 -> 45             [[541, 168], [174, 169], [258, 247], [367, 349], [268, 256], [343, 326], [642, 622], [206, 201], [289, 275], [98, 91], [118, 110], [103, 95], [392, 373], [74, 73], [312, 296], [127, 118], [444, 426], [229, 126], [19, 17], [141, 134], [56, 57], [150, 143], [87, 84], [76, 178], [32, 30], [53, 53]]
45 -> 46             [[31, 29], [148, 147], [1694, 1263], [347, 351], [1882, 1860], [104, 104], [41, 40], [615, 606], [88, 87], [103, 103], [90, 89], [962, 944], [319, 324], [514, 510], [108, 107], [340, 343], [158, 156], [168, 169], [52, 50], [424, 428], [247, 249], [169, 170], [349, 353], [326, 331], [119, 120], [67, 65], [622, 612], [201, 199], [275, 277], [427, 431], [95, 95], [110, 110], [215, 216], [19, 39], [248, 250], [373, 376], [296, 298], [73, 71], [426, 430], [118, 119], [126, 127], [17, 16], [134, 136], [57, 54], [143, 143], [84, 83], [178, 73], [30, 28], [53, 51]]
46 -> 47             [[406, 402], [435, 429], [29, 30], [351, 351], [1860, 1842], [1263, 473], [454, 449], [147, 151], [606, 607], [87, 90], [676, 883], [499, 493], [103, 108], [944, 945], [324, 323], [89, 92], [510, 505], [107, 111], [343, 343], [428, 422], [50, 103], [249, 247], [170, 171], [353, 353], [331, 330], [612, 614], [199, 201], [277, 276], [431, 104], [90, 93], [95, 98], [110, 114], [216, 215], [39, 41], [250, 248], [376, 374], [298, 299], [71, 74], [430, 424], [119, 123], [127, 130], [16, 17], [136, 139], [54, 57], [143, 147], [83, 86], [73, 179], [28, 29], [51, 53]]
47 -> 48             [[19, 18], [402, 397], [1149, 1126], [30, 29], [1842, 1834], [151, 142], [351, 344], [607, 595], [90, 87], [42, 40], [883, 668], [493, 487], [108, 103], [945, 932], [323, 315], [92, 89], [505, 498], [111, 106], [343, 337], [422, 415], [295, 287], [103, 49], [247, 243], [171, 164], [353, 346], [330, 322], [68, 65], [226, 224], [201, 194], [242, 238], [276, 270], [40, 38], [104, 418], [93, 90], [114, 108], [215, 214], [98, 95], [248, 244], [374, 369], [299, 292], [74, 71], [424, 417], [123, 117], [130, 124], [17, 16], [139, 131], [57, 54], [147, 137], [86, 51], [311, 302], [179, 73], [29, 28], [53, 50]]
48 -> 49             [[553, 546], [29, 28], [1834, 1852], [466, 1677], [142, 139], [344, 335], [595, 589], [442, 438], [87, 83], [200, 195], [103, 98], [932, 930], [315, 307], [89, 85], [498, 496], [106, 101], [151, 149], [163, 505], [337, 328], [287, 281], [415, 414], [243, 241], [164, 162], [346, 337], [251, 249], [322, 314], [224, 220], [602, 597], [194, 191], [270, 266], [38, 37], [418, 417], [39, 38], [90, 86], [214, 208], [95, 90], [108, 103], [244, 242], [12, 12], [369, 361], [292, 285], [71, 67], [417, 416], [117, 112], [124, 214], [16, 16], [131, 126], [54, 50], [137, 134], [51, 79], [302, 296], [73, 69], [28, 27], [50, 47]]
49 -> 50             [[2, 3], [393, 552], [139, 471], [28, 41], [335, 491], [1852, 650], [39, 54], [589, 813], [1677, 373], [83, 132], [867, 1034], [98, 164], [484, 669], [930, 1262], [307, 123], [277, 404], [85, 136], [496, 444], [101, 167], [505, 698], [281, 5213], [414, 470], [94, 158], [241, 355], [337, 493], [162, 252], [314, 393], [249, 326], [61, 624], [220, 172], [597, 824], [191, 37], [266, 396], [37, 1519], [86, 137], [417, 577], [103, 169], [38, 51], [90, 140], [208, 2809], [12, 19], [242, 2416], [361, 234], [285, 1979], [67, 96], [416, 576], [112, 187], [214, 199], [16, 24], [126, 210], [50, 43], [134, 16], [79, 64], [296, 269], [69, 98], [27, 40], [47, 63]]
50 -> 51             [[28, 27], [122, 125], [41, 40], [582, 328], [650, 647], [813, 820], [491, 498], [132, 134], [1034, 1035], [418, 425], [669, 669], [164, 166], [123, 126], [55, 782], [444, 452], [167, 169], [2, 2], [698, 698], [470, 479], [355, 356], [252, 256], [493, 500], [393, 397], [624, 89], [172, 173], [37, 36], [396, 400], [577, 581], [169, 170], [140, 142], [234, 238], [576, 580], [187, 187], [199, 198], [24, 23], [210, 211], [43, 42], [16, 15], [64, 69], [98, 102], [40, 39], [63, 64]]
51 -> 52             [[574, 573], [960, 961], [8, 8], [13, 13], [279, 278], [1016, 1015], [10, 10], [270, 268], [32, 31], [40, 38], [1434, 1420], [344, 806], [27, 27], [125, 123], [375, 367], [647, 651], [617, 620], [498, 488], [820, 824], [134, 131], [1035, 919], [669, 673], [166, 164], [126, 124], [169, 167], [452, 442], [138, 136], [698, 701], [2, 2], [479, 467], [160, 158], [326, 320], [356, 350], [256, 253], [397, 388], [500, 490], [830, 833], [36, 35], [400, 391], [581, 582], [52, 50], [142, 140], [18, 18], [170, 169], [238, 233], [100, 98], [580, 581], [187, 185], [198, 315], [23, 23], [211, 208], [42, 40], [15, 15], [69, 69], [102, 100], [39, 37], [64, 64]]
52 -> 53             [[360, 358], [573, 564], [8, 9], [13, 14], [31, 33], [268, 266], [278, 276], [1015, 858], [1420, 1425], [27, 28], [38, 41], [806, 791], [123, 126], [651, 643], [53, 55], [824, 814], [131, 135], [415, 417], [919, 1033], [673, 661], [164, 168], [124, 127], [136, 140], [167, 171], [442, 444], [701, 689], [467, 467], [137, 141], [2, 2], [320, 321], [158, 161], [350, 349], [253, 253], [388, 388], [490, 487], [87, 90], [833, 823], [172, 176], [35, 37], [391, 391], [582, 162], [50, 52], [18, 19], [169, 173], [140, 143], [233, 235], [98, 100], [581, 571], [185, 188], [88, 91], [315, 315], [23, 24], [208, 213], [40, 43], [15, 16], [69, 71], [100, 102], [37, 40], [64, 66]]
53 -> 54             [[198, 201], [358, 365], [9, 10], [266, 271], [276, 281], [512, 522], [791, 790], [33, 34], [41, 42], [11, 12], [28, 29], [126, 128], [1425, 1420], [274, 279], [598, 605], [485, 494], [367, 372], [643, 650], [611, 618], [814, 808], [135, 137], [1033, 1026], [168, 171], [127, 129], [171, 174], [444, 451], [140, 142], [689, 697], [2, 3], [141, 143], [321, 329], [467, 475], [161, 164], [253, 256], [349, 358], [487, 496], [360, 466], [388, 391], [823, 817], [90, 92], [176, 179], [37, 38], [391, 394], [162, 165], [19, 20], [52, 54], [143, 146], [173, 176], [235, 239], [100, 103], [571, 582], [188, 191], [315, 322], [24, 25], [213, 215], [43, 44], [16, 17], [71, 72], [102, 15], [40, 41], [66, 68]]
54 -> 55             [[177, 168], [1009, 995], [609, 597], [10, 9], [34, 33], [281, 269], [12, 11], [271, 262], [1420, 1402], [29, 28], [42, 40], [128, 120], [494, 480], [650, 639], [372, 362], [808, 808], [137, 128], [1026, 904], [171, 163], [129, 121], [174, 166], [451, 435], [475, 459], [3, 2], [329, 315], [256, 248], [358, 345], [496, 482], [391, 382], [92, 86], [179, 170], [348, 335], [38, 37], [817, 817], [394, 385], [165, 157], [54, 52], [20, 19], [176, 167], [146, 138], [239, 228], [103, 96], [582, 568], [191, 183], [322, 193], [25, 24], [215, 206], [44, 42], [17, 16], [72, 67], [15, 98], [41, 39], [68, 63]]
55 -> 56             [[9, 8], [262, 259], [33, 32], [995, 998], [269, 269], [509, 507], [787, 781], [11, 10], [574, 320], [40, 40], [1402, 1406], [28, 27], [120, 121], [639, 636], [362, 361], [606, 603], [480, 478], [808, 801], [128, 130], [904, 900], [660, 655], [163, 161], [121, 122], [166, 164], [435, 434], [247, 244], [459, 460], [156, 155], [315, 317], [134, 135], [345, 345], [248, 245], [382, 378], [482, 480], [86, 86], [817, 809], [170, 168], [37, 36], [385, 381], [157, 569], [52, 51], [19, 18], [138, 138], [167, 165], [228, 226], [96, 96], [568, 568], [183, 180], [193, 310], [24, 23], [206, 202], [203, 93], [42, 42], [16, 15], [67, 62], [98, 98], [39, 39], [63, 61]]
56 -> 57             [[8, 10], [259, 268], [32, 34], [269, 279], [998, 995], [644, 5], [27, 29], [40, 41], [1406, 1391], [320, 277], [121, 123], [478, 491], [636, 642], [361, 371], [801, 807], [603, 612], [130, 133], [900, 1013], [655, 663], [161, 166], [122, 124], [134, 138], [164, 169], [434, 446], [244, 253], [2, 3], [460, 470], [155, 160], [345, 354], [245, 254], [480, 493], [317, 324], [378, 394], [36, 38], [168, 174], [809, 815], [381, 397], [569, 577], [18, 20], [51, 52], [138, 142], [165, 171], [226, 233], [96, 99], [568, 576], [180, 188], [87, 90], [310, 317], [23, 25], [202, 212], [42, 43], [15, 17], [62, 71], [98, 101], [39, 40], [61, 66]]
57 -> 58             [[568, 559], [10, 9], [364, 356], [279, 274], [517, 509], [995, 999], [268, 265], [29, 28], [1391, 1409], [12, 11], [599, 589], [41, 41], [123, 122], [491, 482], [642, 633], [371, 363], [807, 805], [133, 131], [612, 601], [423, 409], [166, 164], [124, 123], [169, 167], [446, 436], [253, 252], [470, 463], [139, 137], [254, 253], [354, 347], [493, 484], [394, 381], [815, 815], [174, 171], [75, 73], [397, 384], [38, 37], [577, 568], [20, 19], [52, 53], [171, 168], [142, 139], [233, 232], [99, 98], [576, 567], [188, 185], [317, 314], [25, 24], [212, 206], [43, 43], [17, 16], [71, 68], [101, 100], [40, 40], [66, 63]]
58 -> 59             [[9, 9], [509, 503], [274, 269], [33, 33], [265, 261], [41, 41], [356, 346], [589, 587], [28, 28], [1409, 1391], [633, 627], [363, 354], [482, 477], [805, 793], [131, 127], [409, 403], [1016, 1006], [601, 597], [652, 647], [164, 162], [123, 121], [136, 131], [167, 165], [436, 430], [767, 690], [3, 3], [463, 456], [253, 245], [347, 336], [484, 479], [381, 373], [815, 802], [37, 37], [384, 376], [568, 156], [53, 53], [19, 19], [139, 136], [168, 34], [232, 227], [98, 97], [567, 563], [185, 182], [314, 304], [24, 24], [206, 205], [43, 43], [16, 16], [68, 69], [100, 99], [40, 40], [63, 64]]
59 -> 60             [[988, 1000], [774, 781], [261, 263], [269, 271], [33, 32], [503, 504], [28, 27], [1391, 1409], [120, 120], [62, 60], [587, 590], [477, 479], [627, 633], [793, 802], [354, 360], [127, 128], [1006, 1017], [162, 161], [121, 121], [131, 133], [165, 164], [430, 434], [674, 248], [3, 2], [456, 458], [245, 249], [310, 315], [336, 342], [479, 481], [373, 378], [802, 814], [327, 333], [168, 168], [37, 36], [376, 381], [156, 564], [53, 50], [19, 18], [136, 136], [34, 165], [227, 230], [97, 95], [563, 563], [182, 182], [88, 86], [304, 309], [24, 23], [205, 204], [43, 41], [16, 15], [69, 63], [99, 97], [40, 38], [64, 62]]
60 -> 61             [[271, 277], [32, 33], [263, 269], [504, 508], [27, 28], [120, 122], [270, 574], [1409, 1404], [479, 482], [633, 638], [360, 363], [600, 605], [802, 803], [53, 55], [128, 130], [1017, 904], [653, 656], [161, 164], [121, 123], [133, 135], [164, 167], [434, 438], [248, 254], [695, 765], [155, 157], [134, 136], [2, 2], [315, 321], [458, 464], [342, 347], [249, 255], [481, 484], [378, 383], [85, 87], [168, 171], [814, 815], [36, 37], [381, 386], [564, 158], [18, 19], [165, 168], [136, 138], [230, 235], [95, 97], [563, 568], [182, 183], [86, 88], [309, 196], [23, 24], [204, 208], [41, 43], [15, 16], [63, 64], [97, 99], [38, 40], [62, 63]]
61 -> 62             [[9, 2079], [41, 1542], [11, 105], [277, 1007], [33, 2241], [269, 805], [998, 1801], [28, 4484], [638, 5781], [411, 429], [130, 872], [656, 172], [164, 2770], [123, 238], [135, 1665], [167, 4860], [438, 4232], [254, 899], [157, 471], [464, 651], [255, 2676], [484, 4348], [347, 2811], [383, 311], [37, 2075], [386, 2634], [158, 503], [19, 492], [138, 477], [168, 247], [235, 486], [97, 884], [568, 432], [24, 595], [43, 547], [16, 1822], [64, 3326], [40, 727], [63, 2437]]
