[Sim1->Si] [Cid_im10,Cid_im11,Cid_im12] [Cid_i0,Cid_i1,Cid_i2] [IS_0, IS_1, IS_2] [Sz_im10,Sz_im11,Sz_im12] [Sz_i0,Sz_i1,Sz_i2] [RankSz_im10,RankSz_im11,RankSz_im12] [RankSz_i0,RankSz_i1,RankSz_i2]
1->2 0,88,209 0,89,212 0.9875139353400223,0.9896633978266631,0.9913875598086125 3,6,30 3,6,30
2->3 89,0,1838 82,0,1844 0.9864829048502518,0.9868391701985277,0.9964476021314387 6,3,58 6,4,58
3->4 0,82,206 0,85,209 0.986845039018952,0.9883165161975571,0.9885931558935361 4,6,30 4,6,30
4->5 9,85,209 9,84,202 0.9873121869782971,0.9896441848114711,0.988647114474929 7,6,30 7,6,30
5->6 848,202,0 858,207,0 0.9884526558891455,0.9914448669201521,0.9914893617021276 74,30,4 78,29,4
6->7 86,1667,0 86,1634,0 0.9880731513384574,0.9929078014184397,0.9881722829725508 6,58,4 6,58,3
7->8 200,9,86 208,9,89 0.9867424242424242,0.9886968085106383,0.9891073326248672 30,7,6 29,7,6
8->9 89,2029,0 83,2031,0 0.9883165161975571,0.9911504424778761,0.9890453834115805 6,56,4 6,55,3
9->10 9,2031,83 9,1743,88 0.9866533199866533,0.9894551845342706,0.9888535031847133 7,55,6 7,56,6
10->11 0,9,817 0,9,813 0.9883902656843045,0.9902880107166778,0.9907192575406032 3,7,75 4,7,71
11->12 0,86,1744 0,85,1934 0.9866220735785953,0.9891390728476821,0.9894551845342706 4,6,56 4,6,55
12->13 793,192,0 791,202,0 0.986046511627907,0.987487969201155,0.9879410451094238 71,29,4 73,28,2
13->14 202,1529,791 197,1486,754 0.9895138226882746,0.9929203539823008,0.9930394431554525 28,55,73 28,55,72
14->15 754,0,85 770,0,82 0.9816933638443935,0.9895018985928077,0.9880573248407644 72,3,5 72,3,5
15->16 0,1489,192 0,1492,190 0.9901610017889088,0.9911347517730497,0.9904214559386973 3,53,28 2,53,28
16->17 0,85,759 0,84,744 0.9872909698996656,0.987827467584017,0.9907407407407407 2,5,72 3,5,73
17->18 17,0,84 30,0,123 0.9888659793814433,0.990608228980322,0.9893927340228056 9,3,5 9,3,5
18->19 123,137,1069 125,139,1061 0.987012987012987,0.9884836852207294,0.9928698752228164 5,28,54 5,28,52
19->20 0,139,125 0,134,121 0.9884006245817533,0.989423076923077,0.9920127795527156 3,28,5 3,28,5
20->21 28,0,134 30,0,135 0.9884153909805544,0.9901895206243032,0.9951830443159922 9,3,28 8,3,28
21->22 0,120,1052 0,121,1051 0.9883876730683341,0.9893983567452955,0.9982014388489209 3,5,54 3,5,51
22->23 1051,0,467 1059,0,474 0.987719298245614,0.9888168195034668,0.9910313901345291 51,3,69 50,3,66
23->24 29,904,121 29,858,120 0.9875981810665564,0.9953161592505855,0.9880668257756563 9,74,5 8,72,5
24->25 0,120,29 0,120,27 0.987460815047022,0.9883320074250862,0.9884678747940692 3,5,8 2,5,9
25->26 0,1269,120 0,1236,117 0.9874664279319606,0.9933333333333333,0.9923036093418259 2,99,5 1,96,4
26->27 0,1236,27 0,1257,26 0.9899148363962349,0.9966666666666667,0.9900373599003736 1,96,8 1,97,7
27->28 0,117,1257 0,113,1213 0.9910011248593926,0.9928438908030744,0.9966555183946488 1,4,97 1,4,96
28->29 25,1213,113 24,1160,110 0.9880609304240429,0.9899665551839465,0.9902323125659979 7,96,4 6,94,4
29->30 24,110,0 21,96,0 0.9876339653751031,0.9904686258935663,0.988332959389724 6,4,1 6,3,1
30->31 96,0,21 95,0,22 0.9822845055526177,0.9876293297345929,0.9876339653751031 3,1,6 2,0,5
31->32 22,95,1091 20,94,1072 0.9892561983471074,0.9909526343799894,0.9922178988326849 5,2,95 5,2,95
32->33 94,20,0 95,21,0 0.9869784746213128,0.9876543209876543,0.9934640522875817 2,5,0 2,5,0
33->34 21,95,0 20,91,0 0.9868041237113402,0.9909284951974386,0.9887665693102674 5,2,0 5,2,0
34->35 1424,91,0 1421,93,0 0.9786223277909739,0.988,0.9891867537733724 57,2,0 52,2,0
35->36 803,93,0 810,90,0 0.9881305637982196,0.9898450026723677,0.9923475129417061 66,2,0 65,2,0
36->37 428,90,1053 944,83,980 0.9875518672199171,0.9903769045709703,0.9958847736625515 92,2,89 87,2,85
37->38 192,83,0 183,77,0 0.9781897491821155,0.9885302747399306,0.9862767154105737 21,2,0 21,2,0
38->39 0,77,941 0,79,936 0.9891891891891892,0.9901095963646084,0.9918032786885246 0,2,85 0,2,82
39->40 0,79,17 0,79,18 0.9916497404649064,0.9917090131051083,0.992 0,2,31 0,2,30
40->41 1603,79,0 1666,77,0 0.9874476987447699,0.9898585535094743,0.993231046931408 85,2,0 85,2,0
41->42 122,18,0 113,14,0 0.984009840098401,0.9951923076923077,0.9873589164785553 23,30,0 21,28,0
42->43 0,14,1197 0,12,1074 0.9882005899705014,0.9905511811023622,0.988399071925754 0,28,46 1,27,42
43->44 335,1074,12 56,392,19 0.9888268156424581,0.9907407407407407,0.9936808846761453 18,42,27 13,36,22
44->45 174,19,367 169,17,349 0.9852216748768473,0.9921383647798742,1.0 89,22,85 51,14,49
45->46 108,349,514 107,353,510 1.0,1.0,1.0 64,49,65 60,47,61
46->47 107,1860,510 111,1842,505 1.0,1.0,1.0 60,91,61 59,86,60
47->48 276,111,505 270,106,498 0.9962264150943396,1.0,1.0 35,59,60 34,61,62
48->49 29,932,346 28,930,337 1.0,1.0,1.0 94,67,46 84,66,48
49->50 496,1852,589 444,650,813 1.0,1.0,1.0 59,85,79 60,85,81
50->51 164,444,493 166,452,500 1.0,1.0,1.0 68,60,46 54,51,36
51->52 169,500,647 167,490,651 1.0,1.0,1.0 52,36,69 51,35,72
52->53 573,490,167 564,487,171 1.0,1.0,1.0 98,35,51 96,36,51
53->54 814,444,19 808,451,20 1.0,1.0,1.0 67,50,24 67,50,23
54->55 174,451,256 166,435,248 1.0,1.0,1.0 51,50,40 51,50,39
55->56 166,435,40 164,434,40 1.0,1.0,1.0 51,50,81 51,50,79
56->57 32,460,480 34,470,493 1.0,1.0,1.0 92,46,39 79,47,38
57->58 568,493,446 559,484,436 1.0,1.0,1.0 98,38,51 99,40,50
58->59 167,484,805 165,479,793 1.0,1.0,1.0 51,40,67 53,36,71
59->60 430,162,19 434,161,18 1.0,1.0,1.0 52,57,23 49,55,24
60->61 164,378,434 167,383,438 1.0,1.0,1.0 50,35,49 51,35,50
61->62 438,484,167 4232,4348,4860 1.0,1.0,1.0 50,37,51 46,33,45
