[Sim1->Si] [Cid_im10,Cid_im11,Cid_im12] [Cid_i0,Cid_i1,Cid_i2] [IS_0, IS_1, IS_2] [Sz_im10,Sz_im11,Sz_im12] [Sz_i0,Sz_i1,Sz_i2] [RankSz_im10,RankSz_im11,RankSz_im12] [RankSz_i0,RankSz_i1,RankSz_i2]
1->2 9,88,0 9,84,0 0.989351081530782,0.9912443618997081,0.9903953540317176 8,6,4 9,7,4
2->3 9,84,206 9,88,211 0.9857095380525092,0.9886273472626289,0.985781990521327 9,7,30 8,6,30
3->4 0,211,9 0,211,9 0.9883564711150918,0.9904942965779467,0.9906510851419031 4,30,8 4,29,8
4->5 86,878,0 89,867,0 0.9880446333687567,0.9883449883449883,0.9892857142857143 6,80,4 6,77,4
5->6 89,867,211 87,847,209 0.9904280776389258,0.9907192575406032,0.9914285714285714 6,77,29 6,79,30
6->7 209,1671,87 212,1682,90 0.9867424242424242,0.9876106194690265,0.9877919320594479 30,59,6 30,60,6
7->8 872,212,1682 841,207,1663 0.9882903981264637,0.9895635673624289,0.9964726631393298 79,30,60 76,30,58
8->9 207,0,85 208,0,88 0.9868421052631579,0.986868462052081,0.9896083133493205 30,4,6 28,4,6
9->10 88,9,857 87,9,863 0.9872746553552492,0.9906573239906573,0.9883449883449883 6,7,75 6,7,77
10->11 87,209,1679 89,210,2081 0.9896469338996549,0.9914933837429112,0.9982078853046595 6,29,59 6,29,57
11->12 8,89,859 9,84,861 0.9889816360601001,0.9891275523733758,0.9952941176470588 7,6,77 7,6,74
12->13 84,208,9 85,204,9 0.989121782966304,0.9904942965779467,0.9893262174783188 6,30,7 6,29,7
13->14 851,9,85 851,9,87 0.9861431870669746,0.9863196529863196,0.9899177500663305 75,7,6 74,7,6
14->15 0,9,206 0,9,207 0.9868538324420677,0.9879799666110184,0.9895635673624289 3,7,30 3,7,29
15->16 207,855,1815 205,834,1794 0.9905392620624409,0.9907192575406032,0.9912280701754386 29,75,58 29,75,56
16->17 205,0,85 199,0,84 0.9868421052631579,0.9883746926000447,0.9907038512616202 29,4,6 29,3,6
17->18 1786,838,0 2020,837,0 0.9876325088339223,0.9882903981264637,0.9897298504130386 57,75,3 58,76,4
18->19 8,2020,85 9,2029,88 0.9850299401197605,0.989492119089317,0.9901700318809776 7,58,6 7,56,6
19->20 88,0,836 89,0,831 0.9899150743099787,0.990589289715438,0.9929411764705882 6,4,75 6,4,76
20->21 0,1619,831 0,1616,825 0.9888343010272443,0.9893617021276596,0.9907407407407407 4,57,76 4,58,77
21->22 84,207,0 83,203,0 0.9883134130146083,0.9914448669201521,0.9886084431538977 6,30,4 6,29,3
22->23 0,8,83 0,9,86 0.9818060794319947,0.9873206539873206,0.988041456284879 3,7,6 3,7,6
23->24 9,1986,86 9,1574,87 0.9886628876292097,0.9893617021276596,0.9920149055097152 7,56,6 7,56,6
24->25 0,809,1574 0,797,1410 0.9883668903803132,0.9906976744186047,0.9929453262786596 3,78,56 3,76,56
25->26 0,197,86 0,204,86 0.9861730597680642,0.9951550387596899,0.9890928438414472 3,30,6 3,29,6
26->27 8,86,1557 8,84,1677 0.9889816360601001,0.9904280776389258,0.9911971830985915 7,6,56 6,5,54
27->28 0,1677,84 0,1917,84 0.9892785347330801,0.989492119089317,0.9899257688229056 2,54,5 3,55,5
28->29 199,1917,776 190,1869,771 0.9932627526467758,0.9947275922671354,0.9953488372093023 28,55,73 28,55,71
29->30 190,0,81 196,0,86 0.9773584905660377,0.9868479714667856,0.9920021327645961 28,3,5 28,3,5
30->31 8,0,1893 8,0,1886 0.9865887207702888,0.9875083649341958,0.9876106194690265 7,3,54 7,3,54
31->32 783,0,81 786,0,85 0.9861111111111112,0.9903846153846154,0.9904153354632588 73,3,5 72,3,5
32->33 786,0,85 775,0,84 0.986046511627907,0.9877177311299687,0.9899444297433183 72,3,5 73,3,5
33->34 775,0,84 766,0,84 0.9862700228832952,0.9868215322760777,0.9886243386243386 73,3,5 71,2,5
34->35 0,1620,84 0,1492,84 0.9835115864527629,0.9875666074600356,0.9899177500663305 2,55,5 3,53,5
35->36 17,0,194 16,0,192 0.9880412371134021,0.9894807520143241,0.9942307692307693 8,3,28 9,3,28
36->37 0,773,1851 0,761,1477 0.9894901610017889,0.9929742388758782,0.9895104895104895 3,73,54 3,73,53
37->38 84,1477,189 84,1834,193 0.988319617732944,0.9895287958115183,0.9923224568138196 5,53,28 5,55,28
38->39 17,84,0 17,84,0 0.9875930521091811,0.9890928438414472,0.9892665474060823 9,5,3 8,5,3
39->40 84,17,0 84,17,0 0.9870095440084835,0.9892783505154639,0.9899486263122627 5,8,3 5,8,3
40->41 197,0,84 192,0,85 0.9884947267497604,0.9897229669347631,0.9896441848114711 29,3,5 28,3,5
41->42 17,85,0 17,83,0 0.9871794871794872,0.9886153031506487,0.990163201430807 9,5,3 9,5,3
42->43 17,83,767 29,123,912 0.9887966804979254,0.990728476821192,0.9929742388758782 9,5,74 9,5,72
43->44 912,0,29 905,0,28 0.9883720930232558,0.9903587443946188,0.9908713692946058 72,3,9 72,3,8
44->45 0,28,120 0,29,121 0.9875139353400223,0.9875827814569537,0.9896496815286624 3,8,5 3,9,5
45->46 29,121,1074 29,127,1063 0.9896608767576509,0.9901856763925729,0.9964285714285714 9,5,54 8,5,52
46->47 141,0,916 138,0,927 0.989443378119002,0.9894783971345422,0.9906103286384976 28,3,73 28,3,73
47->48 138,124,0 139,124,0 0.9875598086124402,0.9883412824589295,0.9908256880733946 28,5,3 28,5,3
48->49 139,1056,124 136,1046,122 0.9884281581485053,0.9892665474060823,0.9888653234358431 28,53,5 28,51,5
49->50 28,1046,0 29,1058,0 0.990924092409241,0.9910394265232975,0.9914988814317673 9,51,3 9,50,3
50->51 135,122,0 134,122,0 0.988560533841754,0.9885911382329531,0.9917170360420864 28,5,3 28,5,3
51->52 122,1054,30 119,1053,30 0.9888653234358431,0.9928571428571429,0.9892339544513458 5,52,9 5,51,8
52->53 30,132,1053 28,133,1044 0.9884583676834295,0.9923076923076923,0.9928443649373881 8,28,51 8,28,51
53->54 1044,119,133 1055,127,139 0.9894366197183099,0.9917618921073611,0.9932497589199615 51,5,28 51,5,27
54->55 30,0,139 29,0,134 0.9872164948453608,0.9872881355932204,0.9913294797687862 9,2,27 9,3,29
55->56 29,1005,121 30,1017,125 0.9880412371134021,0.9892665474060823,0.9904178866116582 9,53,5 9,50,5
56->57 139,30,125 134,30,121 0.9884836852207294,0.9888521882741536,0.9891102257636122 27,9,5 27,9,5
57->58 121,1011,134 121,1019,135 0.9888505441996284,0.9945945945945946,0.9951783992285439 5,51,27 5,51,26
58->59 30,0,876 28,0,850 0.9904445367677607,0.990589289715438,0.9907192575406032 9,2,69 8,2,67
59->60 0,28,119 0,27,116 0.9861761426978818,0.9884249689954526,0.9901882789710952 2,8,5 1,8,4
60->61 27,129,116 26,133,119 0.9872006606110653,0.9883268482490273,0.9891476971942826 8,25,4 8,25,4
61->62 0,119,133 0,121,135 0.9899012567324955,0.9904711487559555,0.9902629016553067 1,4,25 1,4,25
62->63 121,836,1262 116,830,1251 0.9904761904761905,0.990632318501171,0.9966555183946488 4,68,95 4,68,97
63->64 0,116,1251 0,118,1251 0.9894476874719353,0.9912652196929592,0.9966555183946488 1,4,97 1,4,94
64->65 25,118,1251 26,115,1249 0.9876084262701363,0.9899603698811097,1.0 7,4,94 7,4,96
65->66 1249,129,0 1233,126,0 0.9899665551839465,0.9902152641878669,0.9912320143884892 96,24,1 95,24,1
66->67 939,126,1233 940,128,1226 0.9914529914529915,0.9921875,1.0 60,24,95 60,24,90
67->68 1226,114,0 1229,113,0 0.9867549668874173,0.9923056513664101,0.9892521271831617 90,4,1 94,4,1
68->69 113,126,1229 116,129,1240 0.9886183165696135,0.9941002949852508,0.9966442953020134 4,25,94 4,24,95
69->70 26,116,1240 27,118,1227 0.9908940397350994,0.9923117709437964,1.0 7,4,95 7,4,93
70->71 27,0,1227 25,0,1214 0.9880609304240429,0.9901477832512315,1.0 7,1,93 7,1,96
71->72 127,115,1214 132,119,1213 0.9901768172888016,0.9917815482502651,0.9933110367892977 24,4,96 24,4,92
72->73 0,132,1213 0,127,1201 0.9919246298788694,0.993103448275862,0.9966329966329966 1,24,92 1,24,94
73->74 127,113,1201 127,113,1225 0.9920948616600791,0.9928590320021159,1.0 24,3,94 24,3,92
74->75 24,1225,127 24,1190,122 0.9904997934737712,1.0,0.9950445986124876 6,92,24 6,92,24
75->76 0,122,109 0,119,108 0.9883460331689825,0.9891089108910891,0.9917946003176283 1,24,3 1,23,3
76->77 1157,0,108 1170,0,104 0.9897959183673469,0.9910172917134517,0.9904862579281184 89,1,3 89,1,3
77->78 23,1170,0 25,1161,0 0.9888521882741536,0.9965635738831615,0.9892400806993947 6,89,1 6,87,1
78->79 0,109,1161 0,108,1135 0.9890060578864707,0.9923076923076923,1.0 1,3,87 1,3,86
79->80 108,0,26 105,0,26 0.9851812648848902,0.9910031488978858,0.9916943521594684 3,1,6 3,1,6
80->81 26,105,0 25,103,0 0.9872637633525062,0.9901490947816827,0.9903349067206114 6,3,1 6,3,0
81->82 103,1110,0 100,1103,0 0.9883009837809094,0.992831541218638,0.9899103139013453 3,86,0 3,88,0
82->83 0,25,1103 0,25,1111 0.991033400582829,0.9917491749174917,0.9964028776978417 0,6,88 0,6,88
83->84 0,99,1111 0,99,1101 0.9881272401433692,0.9909405808686385,0.9963898916967509 0,3,88 0,3,89
84->85 0,1101,23 0,1091,22 0.9903522548799641,1.0,0.9908902691511388 0,89,6 0,91,6
85->86 22,95,380 22,97,373 0.9896822121337185,0.9901438465636654,0.9920948616600791 6,3,98 5,2,93
86->87 97,1066,0 99,1071,0 0.9917333333333334,0.996078431372549,0.9919010123734533 2,98,0 2,96,0
87->88 21,99,895 21,98,841 0.9900579950289975,0.990681576144835,0.9910979228486647 6,2,70 5,2,68
88->89 21,98,0 20,99,0 0.9876288659793815,0.9898666666666667,0.990990990990991 5,2,0 5,2,0
89->90 0,1149,99 0,1133,98 0.99033924960683,0.991869918699187,0.9919935948759008 0,95,2 0,95,2
90->91 0,19,98 0,20,96 0.987010078387458,0.987603305785124,0.9906616862326574 0,5,2 1,5,2
91->92 1136,20,0 1105,18,0 0.9920318725099602,0.9929664873810509,0.9943642921550947 95,5,1 99,5,0
92->93 289,18,92 270,19,93 0.9896103896103896,0.9896779521056978,0.9901385927505331 60,5,2 60,5,2
93->94 1078,93,0 1077,90,0 0.9838056680161943,0.9909357504665423,0.9909869310500226 93,2,0 92,2,0
94->95 0,90,1077 0,87,1036 0.9880711231150123,0.9909260741926875,0.9918367346938776 0,2,92 0,2,96
95->96 87,0,1036 91,0,1035 0.991207034372502,0.9947975571137752,0.9959016393442623 2,0,96 2,0,90
96->97 91,1035,0 88,1026,0 0.9888178913738019,0.9918032786885246,0.9903240324032403 2,90,0 2,89,0
97->98 369,88,0 351,88,0 0.9880478087649402,0.9898531375166889,0.9920993227990971 83,2,0 82,2,0
98->99 0,1786,971 0,1789,987 0.9883172320826781,0.991304347826087,0.9918367346938776 0,99,89 0,96,86
99->100 89,987,1789 84,967,1752 0.9911858974358975,0.9918032786885246,0.9957446808510638 2,86,96 2,91,90
100->101 0,967,84 0,975,80 0.98898628905372,0.9958677685950413,0.9890608324439701 0,91,2 0,88,2
101->102 80,975,0 77,949,0 0.9914392723381488,0.9917695473251029,0.992115341293084 2,88,0 2,83,0
102->103 949,77,0 931,77,0 0.9877551020408163,0.9896110815130528,0.9925558312655087 83,2,0 86,2,0
103->104 17,931,0 17,934,0 0.9904306220095693,0.9958847736625515,0.9914279269117979 31,86,0 31,76,1
104->105 78,934,584 78,943,577 0.9908993576017131,0.9920318725099602,1.0 2,76,97 2,78,94
105->106 78,17,721 74,17,720 0.9901069518716578,0.9936305732484076,0.9957983193277311 2,30,85 2,31,77
106->107 74,1736,939 78,1733,939 0.9916979110873059,0.9957264957264957,0.9959183673469387 2,87,78 2,89,82
107->108 0,939,18 0,905,18 0.9916346371241239,0.9959183673469387,0.9984101748807631 0,82,29 0,80,29
108->109 0,905,1240 0,866,1185 0.986013986013986,0.9877551020408163,0.9860788863109049 0,80,46 1,78,45
109->110 288,1185,15 279,1154,15 0.9883720930232558,0.9907407407407407,0.993660855784469 68,45,28 65,43,27
110->111 15,352,0 13,344,0 0.9873417721518988,0.9951219512195122,0.9922409858512095 27,93,1 26,93,1
111->112 13,244,344 13,226,327 0.9936507936507937,0.9950738916256158,1.0 26,97,93 22,87,84
112->113 0,13,349 1,23,238 0.9917146144994247,0.9936708860759493,0.995049504950495 1,22,93 1,21,81
113->114 143,509,705 145,497,693 1.0,1.0,1.0 97,80,98 88,74,89
114->115 145,497,693 142,495,685 1.0,1.0,1.0 88,74,89 89,73,90
115->116 142,685,495 116,541,383 1.0,1.0,1.0 89,90,73 67,68,54
116->117 116,383,95 119,389,98 1.0,1.0,1.0 67,54,90 68,54,88
117->118 119,389,558 115,373,533 1.0,1.0,1.0 68,54,69 67,56,69
118->119 533,373,115 522,365,112 1.0,1.0,1.0 69,56,67 63,50,62
119->120 984,112,626 998,116,641 1.0,1.0,1.0 70,62,92 68,61,86
120->121 542,116,379 533,111,369 1.0,1.0,1.0 62,61,51 64,63,49
121->122 533,111,369 524,112,367 1.0,1.0,1.0 64,63,49 64,63,49
122->123 333,112,1926 333,112,1933 1.0,1.0,1.0 70,63,92 67,63,94
123->124 1933,176,531 1915,172,524 1.0,1.0,1.0 94,52,64 94,52,62
124->125 327,620,524 332,628,523 1.0,1.0,1.0 72,87,62 70,85,63
125->126 115,523,979 118,535,982 1.0,1.0,1.0 62,63,71 62,63,69
126->127 535,367,1936 517,356,1934 1.0,1.0,1.0 63,48,96 67,49,92
127->128 108,517,356 111,523,359 1.0,1.0,1.0 65,67,49 64,65,48
128->129 1920,111,523 1953,111,526 1.0,1.0,1.0 91,64,65 91,62,63
129->130 370,111,526 372,115,535 1.0,1.0,1.0 49,62,63 49,63,64
130->131 370,1923,372 370,1920,372 1.0,1.0,1.0 92,91,49 84,89,49
131->132 1920,536,982 1925,521,982 1.0,1.0,1.0 89,64,69 90,64,69
132->133 521,111,359 527,114,360 1.0,1.0,1.0 64,63,48 63,62,49
133->134 635,360,1936 632,370,1938 1.0,1.0,1.0 84,49,90 83,48,89
134->135 113,530,370 108,531,365 1.0,1.0,1.0 61,62,48 61,62,49
135->136 1928,531,108 1941,531,111 1.0,1.0,1.0 90,62,61 92,62,61
136->137 531,1941,111 528,1925,113 1.0,1.0,1.0 62,92,61 62,92,61
137->138 984,259,528 987,258,527 1.0,1.0,1.0 67,53,62 66,49,64
138->139 1922,114,342 1913,110,336 1.0,1.0,1.0 92,63,47 90,65,47
139->140 520,110,286 529,114,293 1.0,1.0,1.0 66,65,39 62,61,35
140->141 293,114,529 280,114,518 0.9924242424242424,1.0,1.0 35,61,62 36,64,65
141->142 518,114,983 527,116,975 1.0,1.0,1.0 65,64,70 65,64,67
142->143 527,975,116 530,989,115 1.0,1.0,1.0 65,67,64 65,67,64
143->144 1917,530,115 1926,532,112 1.0,1.0,1.0 90,65,64 91,63,62
144->145 532,369,112 526,366,115 1.0,1.0,1.0 63,48,62 63,47,62
145->146 366,1913,526 369,1921,519 1.0,1.0,1.0 47,93,63 48,90,61
146->147 623,369,335 624,364,330 1.0,1.0,1.0 84,48,68 84,47,69
147->148 441,115,33 440,113,33 1.0,1.0,1.0 53,60,98 53,62,94
148->149 519,113,1927 526,110,1925 1.0,1.0,1.0 63,62,90 64,63,90
149->150 110,440,32 114,439,33 1.0,1.0,1.0 63,56,96 62,55,95
150->151 623,1938,519 623,1921,523 1.0,1.0,1.0 84,92,64 82,89,63
151->152 116,1921,523 114,1926,522 1.0,1.0,1.0 62,89,63 60,92,61
152->153 365,1926,972 365,1913,968 1.0,1.0,1.0 48,92,69 48,91,65
153->154 524,91,365 532,94,367 1.0,1.0,1.0 63,83,48 63,81,49
154->155 973,114,631 991,113,630 1.0,1.0,1.0 71,62,84 66,61,83
155->156 33,113,1947 31,109,1902 1.0,1.0,1.0 96,61,88 92,62,90
156->157 355,515,109 358,511,112 1.0,1.0,1.0 49,63,62 48,62,61
157->158 950,112,511 953,112,514 1.0,1.0,1.0 69,61,62 68,60,62
158->159 514,1882,329 502,1856,322 1.0,1.0,1.0 62,90,66 62,91,66
159->160 353,502,107 348,510,107 1.0,1.0,1.0 48,62,61 47,59,58
160->161 1857,107,348 1856,105,357 1.0,1.0,1.0 87,58,47 86,58,45
161->162 516,279,105 499,276,107 1.0,1.0,1.0 59,35,58 60,34,59
162->163 352,946,499 561,1432,503 1.0,1.0,1.0 46,67,60 45,64,59
163->164 936,503,735 880,471,693 1.0,1.0,1.0 78,59,82 75,56,80
164->165 471,176,693 448,170,649 1.0,1.0,1.0 56,55,80 55,54,78
165->166 448,124,494 433,123,483 1.0,1.0,1.0 55,59,42 51,54,37
166->167 433,640,803 441,641,811 1.0,1.0,1.0 51,71,68 50,70,67
167->168 40,169,441 41,164,441 1.0,1.0,1.0 83,51,50 81,52,51
168->169 164,488,441 165,494,444 1.0,1.0,1.0 52,36,51 51,40,50
169->170 640,444,165 642,440,162 1.0,1.0,1.0 73,50,51 72,50,51
170->171 162,345,486 171,359,500 1.0,1.0,1.0 51,40,38 51,39,36
171->172 500,171,570 488,163,563 1.0,1.0,1.0 36,51,98 37,54,98
172->173 637,488,163 636,485,166 1.0,1.0,1.0 71,37,54 66,35,52
173->174 166,485,563 164,487,563 1.0,1.0,1.0 52,35,99 52,36,99
174->175 442,164,642 442,164,639 1.0,1.0,1.0 51,52,70 49,50,71
175->176 39,164,31 39,167,32 1.0,1.0,1.0 79,50,85 80,52,84
176->177 261,27,481 222,25,410 1.0,1.0,1.0 94,82,38 81,74,33
177->178 795,366,410 775,360,397 1.0,1.0,1.0 96,44,33 86,42,29
178->179 360,397,9 356,397,8 1.0,1.0,1.0 42,29,92 42,28,85
179->180 136,356,261 135,345,260 1.0,1.0,1.0 43,42,98 42,41,95
180->181 260,345,383 263,349,389 1.0,1.0,1.0 95,41,29 89,40,30
181->182 263,204,132 247,192,129 1.0,1.0,1.0 89,33,46 94,32,46
182->183 131,342,293 127,340,290 1.0,1.0,1.0 40,87,20 41,77,20
183->184 92,365,127 94,366,129 1.0,1.0,1.0 74,30,41 76,32,41
184->185 130,361,343 128,354,336 1.0,1.0,1.0 14,88,80 14,82,77
185->186 286,324,243 243,274,204 1.0,1.0,1.0 19,39,87 16,34,84
186->187 87,274,243 82,263,233 1.0,1.0,1.0 46,34,16 37,28,15
187->188 88,233,195 85,221,186 1.0,1.0,1.0 74,15,69 71,14,68
188->189 80,75,258 94,168,177 1.0,1.0,1.0 36,55,25 31,48,23
189->190 320,649,168 995,2277,1442 1.0,1.0,1.0 70,87,48 70,80,46
