[Sim1->Si] [Cid_im10,Cid_im11,Cid_im12] [Cid_i0,Cid_i1,Cid_i2] [IS_0, IS_1, IS_2] [Sz_im10,Sz_im11,Sz_im12] [Sz_i0,Sz_i1,Sz_i2] [RankSz_im10,RankSz_im11,RankSz_im12] [RankSz_i0,RankSz_i1,RankSz_i2]
1->2 86,87,67 88,89,67 1.0,1.0,1.0 86,88,67 87,90,67
2->3 88,84,98 86,83,97 1.0,1.0,1.0 87,84,97 86,83,98
3->4 55,87,85 54,85,82 1.0,1.0,1.0 55,88,85 54,85,82
4->5 82,79,98 41,28,97 1.0,1.0,1.0 82,79,99 41,28,99
5->6 82,79,97 78,63,98 1.0,1.0,1.0 82,79,99 78,63,99
6->7 52,91,81 35,91,82 1.0,1.0,1.0 52,91,80 35,91,82
7->8 84,83,99 84,83,99 1.0,1.0,1.0 84,83,99 84,83,99
8->9 77,85,80 44,83,19 1.0,1.0,1.0 77,85,80 44,83,19
9->10 77,79,95 80,65,93 1.0,1.0,1.0 77,79,94 80,65,93
10->11 82,51,93 80,50,94 1.0,1.0,1.0 82,51,93 80,50,95
11->12 83,16,73 86,15,75 1.0,1.0,1.0 83,16,72 86,15,74
12->13 81,67,93 79,66,93 1.0,1.0,1.0 81,67,94 79,66,94
13->14 80,41,95 83,37,95 1.0,1.0,1.0 80,41,96 83,37,96
14->15 83,88,75 83,91,66 1.0,1.0,1.0 83,87,75 83,90,66
15->16 85,83,75 81,80,73 1.0,1.0,1.0 85,83,76 81,80,74
16->17 90,80,95 93,85,98 1.0,1.0,1.0 90,80,96 93,85,99
17->18 85,84,80 82,81,77 1.0,1.0,1.0 85,84,80 82,81,77
18->19 74,85,93 73,83,94 1.0,1.0,1.0 73,85,93 72,83,94
19->20 83,82,99 83,82,98 1.0,1.0,1.0 83,82,99 83,82,99
20->21 99,82,77 11,85,78 1.0,1.0,1.0 98,82,76 11,85,77
21->22 80,17,89 81,17,96 1.0,1.0,1.0 80,17,89 81,17,96
22->23 90,66,98 86,69,94 1.0,1.0,1.0 90,66,97 86,69,93
23->24 78,89,79 62,86,63 1.0,1.0,1.0 78,89,79 62,86,63
24->25 94,90,83 96,90,81 1.0,1.0,1.0 94,89,83 96,90,82
25->26 92,77,83 93,79,84 1.0,1.0,1.0 91,77,83 94,79,85
26->27 90,89,73 90,89,74 1.0,1.0,1.0 90,89,74 91,89,75
27->28 82,96,95 82,94,93 1.0,1.0,1.0 82,96,94 82,94,92
28->29 82,80,99 86,85,99 1.0,1.0,1.0 82,81,99 86,85,99
29->30 86,75,89 80,73,86 1.0,1.0,1.0 86,75,90 80,73,86
30->31 89,73,88 89,74,88 1.0,1.0,1.0 88,73,89 88,74,89
31->32 87,70,86 90,71,89 1.0,1.0,1.0 87,70,86 90,71,89
32->33 81,85,88 81,84,87 1.0,1.0,1.0 81,85,88 81,84,87
33->34 84,83,98 83,81,98 1.0,1.0,1.0 84,83,99 83,81,99
34->35 82,81,98 18,80,99 1.0,1.0,1.0 82,81,99 18,80,99
35->36 83,80,99 85,81,99 1.0,1.0,1.0 83,80,99 85,81,99
36->37 97,90,82 90,84,78 1.0,1.0,1.0 97,89,83 90,83,79
37->38 91,16,81 95,17,84 1.0,1.0,1.0 92,16,81 96,17,84
38->39 86,74,92 91,75,97 1.0,1.0,1.0 87,74,93 92,75,97
39->40 76,64,81 78,67,82 1.0,1.0,1.0 76,64,81 78,67,82
40->41 69,89,84 60,84,32 1.0,1.0,1.0 69,89,84 60,84,32
41->42 96,93,85 99,96,87 1.0,1.0,1.0 97,93,85 99,96,88
42->43 83,85,16 86,87,15 1.0,1.0,1.0 83,85,16 86,87,15
43->44 79,82,95 79,72,97 1.0,1.0,1.0 79,82,95 79,72,97
44->45 93,54,84 91,53,24 1.0,1.0,1.0 92,54,84 90,53,24
45->46 86,75,84 23,80,30 1.0,1.0,1.0 86,75,84 23,80,30
46->47 55,97,96 48,96,95 1.0,1.0,1.0 56,97,96 48,96,95
47->48 49,86,76 55,79,70 1.0,1.0,1.0 49,86,76 55,79,70
48->49 94,74,88 94,42,86 1.0,1.0,1.0 94,74,88 92,42,86
49->50 70,88,79 73,92,82 1.0,1.0,1.0 70,88,79 73,92,82
50->51 86,94,15 86,95,15 1.0,1.0,1.0 86,95,15 86,96,15
51->52 72,59,51 74,56,47 1.0,1.0,1.0 72,59,50 74,56,47
52->53 87,84,80 87,82,78 1.0,1.0,1.0 89,84,80 87,82,78
53->54 72,97,65 76,94,63 1.0,1.0,1.0 72,95,65 76,94,63
54->55 52,81,93 50,26,97 1.0,1.0,1.0 52,81,95 50,26,99
55->56 78,74,99 78,45,94 1.0,1.0,1.0 78,74,97 78,45,93
56->57 93,81,94 92,79,91 1.0,1.0,1.0 94,81,93 92,79,93
57->58 64,82,86 62,86,90 1.0,1.0,1.0 64,81,87 62,85,90
58->59 55,86,93 43,85,94 1.0,1.0,1.0 55,85,95 43,86,96
59->60 85,81,65 86,83,39 1.0,1.0,1.0 86,81,65 85,83,39
60->61 93,94,86 96,97,86 1.0,1.0,1.0 95,94,85 98,97,87
61->62 73,87,74 72,81,73 1.0,1.0,1.0 73,86,74 72,82,73
62->63 86,63,56 89,64,54 1.0,1.0,1.0 86,63,56 89,64,54
63->64 92,88,86 83,86,84 1.0,1.0,1.0 90,88,87 85,86,84
64->65 96,81,73 98,86,79 1.0,1.0,1.0 96,82,73 98,87,79
65->66 88,79,94 84,69,92 1.0,1.0,1.0 89,79,93 85,69,90
66->67 81,77,99 45,77,99 1.0,1.0,1.0 81,77,99 46,77,99
67->68 83,89,77 84,88,78 1.0,1.0,1.0 82,90,77 83,89,78
68->69 90,82,75 92,83,72 1.0,1.0,1.0 90,82,74 92,83,72
69->70 78,80,71 78,30,69 1.0,1.0,1.0 78,80,71 78,30,69
70->71 85,94,78 84,91,79 1.0,1.0,1.0 86,95,78 85,92,79
71->72 99,89,84 4,95,88 1.0,1.0,1.0 95,88,85 4,94,89
72->73 84,93,74 80,92,75 1.0,1.0,1.0 84,93,74 80,92,75
73->74 71,94,99 70,94,99 1.0,1.0,1.0 71,94,99 70,95,99
74->75 80,84,95 81,83,91 1.0,1.0,1.0 80,84,94 81,84,90
75->76 85,90,71 86,95,73 1.0,1.0,1.0 86,91,71 87,96,73
76->77 96,86,84 91,84,82 1.0,1.0,1.0 95,87,84 90,85,83
77->78 85,81,98 87,82,99 1.0,1.0,1.0 84,81,99 85,82,99
78->79 85,87,99 83,84,99 1.0,1.0,1.0 87,85,99 84,83,99
79->80 93,70,77 29,67,77 1.0,1.0,1.0 92,70,77 29,67,77
80->81 74,89,71 61,86,65 1.0,1.0,1.0 74,88,71 61,85,65
81->82 72,75,51 78,80,54 1.0,1.0,1.0 72,75,51 78,80,54
82->83 58,83,94 56,66,94 1.0,1.0,1.0 58,83,94 56,66,94
83->84 51,80,83 54,83,89 1.0,1.0,1.0 51,80,84 54,83,88
84->85 82,91,73 76,86,67 1.0,1.0,1.0 82,91,73 76,86,67
85->86 67,77,87 65,80,88 1.0,1.0,1.0 67,77,88 65,80,89
86->87 76,85,82 75,85,81 1.0,1.0,1.0 76,85,82 75,85,81
87->88 87,55,85 87,52,85 1.0,1.0,1.0 88,55,85 89,52,85
88->89 78,67,86 83,66,71 1.0,1.0,1.0 79,67,86 82,66,70
89->90 85,84,99 83,80,98 1.0,1.0,1.0 85,84,99 83,80,99
90->91 84,85,98 84,66,99 1.0,1.0,1.0 84,85,99 84,66,99
91->92 80,77,99 80,64,98 1.0,1.0,1.0 80,77,99 80,64,99
92->93 83,84,77 79,81,72 1.0,1.0,1.0 83,84,77 79,81,72
93->94 77,83,63 73,90,63 1.0,1.0,1.0 77,84,63 73,89,63
94->95 63,69,89 64,37,84 1.0,1.0,1.0 63,69,90 64,37,85
95->96 64,92,86 60,85,66 1.0,1.0,1.0 64,91,86 60,85,66
96->97 69,68,96 70,43,99 1.0,1.0,1.0 69,68,99 70,43,99
97->98 81,82,63 81,83,62 1.0,1.0,1.0 80,82,63 82,83,62
98->99 79,76,99 26,76,99 1.0,1.0,1.0 79,76,99 26,76,99
99->100 77,94,68 76,97,68 1.0,1.0,1.0 77,93,68 76,96,68
100->101 68,94,63 67,87,65 1.0,1.0,1.0 68,92,63 67,87,65
101->102 71,84,75 72,92,78 1.0,1.0,1.0 71,83,75 72,91,78
102->103 78,79,98 76,79,96 1.0,1.0,1.0 78,79,98 76,79,94
103->104 47,75,74 47,78,77 1.0,1.0,1.0 47,75,74 47,78,77
104->105 88,77,82 89,76,24 1.0,1.0,1.0 89,77,82 90,76,24
105->106 71,70,99 74,73,99 1.0,1.0,1.0 71,70,99 74,73,99
106->107 85,67,84 83,67,84 1.0,1.0,1.0 84,67,85 84,67,83
107->108 76,55,88 75,56,89 1.0,1.0,1.0 76,55,87 75,56,88
108->109 63,80,56 62,78,56 1.0,1.0,1.0 63,80,56 62,78,56
109->110 79,80,99 69,25,98 1.0,1.0,1.0 79,80,99 69,25,99
110->111 88,57,76 33,50,79 1.0,1.0,1.0 87,58,76 33,50,78
111->112 84,83,66 79,78,61 1.0,1.0,1.0 83,84,66 78,79,60
112->113 94,65,92 91,67,13 1.0,1.0,1.0 92,65,94 91,67,13
113->114 96,62,88 96,55,85 1.0,1.0,1.0 97,62,87 97,55,83
114->115 83,78,47 88,83,33 1.0,1.0,1.0 85,78,47 88,83,33
115->116 80,68,75 73,63,71 1.0,1.0,1.0 80,68,74 73,63,71
116->117 74,45,53 73,32,53 1.0,1.0,1.0 75,45,53 74,32,53
117->118 71,70,87 73,72,90 1.0,1.0,1.0 71,70,86 73,72,89
118->119 73,69,98 73,68,99 1.0,1.0,1.0 73,69,99 73,68,99
119->120 39,58,90 39,55,92 1.0,1.0,1.0 39,58,91 39,55,93
120->121 84,78,81 82,75,77 1.0,1.0,1.0 84,77,80 82,75,78
121->122 11,46,53 9,45,53 1.0,1.0,1.0 11,46,53 9,45,53
122->123 60,85,50 62,86,51 1.0,1.0,1.0 60,85,50 62,86,51
123->124 69,80,87 67,20,85 1.0,1.0,1.0 69,78,89 67,20,86
124->125 70,69,97 68,67,96 1.0,1.0,1.0 70,69,99 68,67,99
125->126 67,66,96 67,65,99 1.0,1.0,1.0 67,66,99 66,65,99
126->127 87,76,91 84,75,87 1.0,1.0,1.0 87,77,89 84,75,85
127->128 12,86,63 13,89,61 1.0,1.0,1.0 12,86,62 13,89,61
128->129 82,91,81 80,90,79 1.0,1.0,1.0 82,91,81 81,90,79
129->130 75,73,98 73,72,98 1.0,1.0,1.0 74,73,99 73,72,99
130->131 72,71,98 76,74,96 1.0,1.0,1.0 72,71,99 76,74,99
131->132 73,72,96 72,71,98 1.0,1.0,1.0 73,72,99 72,71,99
132->133 82,73,15 25,76,14 1.0,1.0,1.0 81,73,15 25,76,14
133->134 87,86,93 90,89,95 1.0,1.0,1.0 87,88,90 90,91,93
134->135 73,72,97 73,72,96 1.0,1.0,1.0 73,72,99 73,72,99
135->136 74,73,96 72,71,98 1.0,1.0,1.0 74,73,99 72,71,99
136->137 72,71,98 74,73,98 1.0,1.0,1.0 72,71,99 74,73,99
137->138 46,93,86 44,90,12 1.0,1.0,1.0 46,93,83 44,90,12
138->139 76,95,80 72,98,77 1.0,1.0,1.0 76,98,80 72,99,76
139->140 70,69,98 74,73,96 1.0,1.0,1.0 70,69,99 74,73,99
140->141 12,62,57 13,59,55 1.0,1.0,1.0 12,63,57 13,59,55
141->142 14,71,84 14,64,88 1.0,1.0,1.0 14,71,86 14,64,90
142->143 78,55,84 79,23,88 1.0,1.0,1.0 78,55,85 78,23,89
143->144 76,71,61 78,73,61 1.0,1.0,1.0 76,71,61 78,73,61
144->145 59,60,89 44,25,84 1.0,1.0,1.0 59,60,86 44,25,82
145->146 59,57,98 47,43,99 1.0,1.0,1.0 59,57,99 47,43,99
146->147 66,67,99 66,65,98 1.0,1.0,1.0 67,66,99 65,66,99
147->148 87,89,86 90,92,89 1.0,1.0,1.0 89,87,86 92,90,89
148->149 43,73,28 45,75,28 1.0,1.0,1.0 43,73,28 45,75,28
149->150 69,68,67 68,67,64 1.0,1.0,1.0 69,68,67 68,66,64
150->151 58,59,73 59,60,71 1.0,1.0,1.0 58,59,73 59,60,71
151->152 66,80,78 63,82,78 1.0,1.0,1.0 66,80,79 63,82,80
152->153 32,66,74 34,68,13 1.0,1.0,1.0 32,66,74 33,68,13
153->154 68,88,91 68,88,91 1.0,1.0,1.0 68,88,94 67,88,94
154->155 53,86,80 53,85,79 1.0,1.0,1.0 53,84,80 53,84,79
155->156 64,86,85 65,87,90 1.0,1.0,1.0 64,83,84 65,90,87
156->157 53,80,91 55,85,97 1.0,1.0,1.0 53,81,93 55,85,98
157->158 78,55,85 79,60,89 1.0,1.0,1.0 78,55,85 79,60,87
158->159 83,95,92 81,90,88 1.0,1.0,1.0 83,92,95 81,89,91
159->160 67,97,76 68,97,78 1.0,1.0,1.0 67,94,76 68,95,78
160->161 43,56,92 39,60,3 1.0,1.0,1.0 43,56,92 39,60,3
161->162 84,68,56 76,65,31 1.0,1.0,1.0 83,68,56 76,65,31
162->163 96,84,61 97,85,59 1.0,1.0,1.0 98,86,61 98,87,59
163->164 53,54,59 54,55,59 1.0,1.0,1.0 53,54,59 54,55,59
164->165 59,84,83 59,88,87 1.0,1.0,1.0 59,83,84 59,87,88
165->166 69,12,68 67,9,66 1.0,1.0,1.0 69,12,68 67,9,66
166->167 71,70,97 75,46,99 1.0,1.0,1.0 71,69,99 75,47,99
167->168 72,71,99 70,69,96 1.0,1.0,1.0 72,71,99 70,69,99
168->169 70,69,96 71,70,99 1.0,1.0,1.0 70,69,99 71,70,99
169->170 66,71,84 65,68,85 1.0,1.0,1.0 66,71,84 65,68,84
170->171 99,72,69 96,51,35 1.0,1.0,1.0 98,72,69 95,51,35
171->172 81,89,98 84,90,99 1.0,1.0,1.0 82,88,99 85,92,99
172->173 95,62,93 97,24,95 1.0,1.0,1.0 95,62,94 97,24,95
173->174 34,92,89 28,88,24 1.0,1.0,1.0 34,90,93 28,87,24
174->175 73,72,97 73,71,97 1.0,1.0,1.0 73,72,99 73,71,99
175->176 75,74,97 76,75,96 1.0,1.0,1.0 75,74,99 76,75,99
176->177 84,82,97 82,79,98 1.0,1.0,1.0 84,81,98 83,79,99
177->178 43,82,53 38,88,50 1.0,1.0,1.0 43,83,53 38,90,49
178->179 87,94,73 82,89,72 1.0,1.0,1.0 87,92,73 82,88,72
179->180 75,30,84 72,28,81 1.0,1.0,1.0 75,30,85 72,28,82
180->181 96,53,98 96,47,98 1.0,1.0,1.0 94,53,99 94,47,99
181->182 75,74,98 76,75,96 1.0,1.0,1.0 75,74,99 76,75,99
182->183 75,74,96 71,70,96 1.0,1.0,1.0 75,74,99 71,70,99
183->184 85,82,96 87,12,98 1.0,1.0,1.0 83,82,99 85,12,99
184->185 56,91,0 57,89,0 1.0,1.0,1.0 56,91,0 57,88,0
185->186 85,82,96 87,85,97 1.0,1.0,1.0 84,83,99 87,85,99
186->187 59,91,71 53,87,67 1.0,1.0,1.0 59,90,71 53,87,67
187->188 92,69,80 91,69,76 1.0,1.0,1.0 94,69,80 93,69,75
188->189 84,77,97 76,61,93 1.0,1.0,1.0 84,78,96 79,61,96
189->190 75,68,99 20,69,95 1.0,1.0,1.0 75,68,99 20,69,99
190->191 69,99,82 5,9,6 1.0,1.0,1.0 69,95,84 5,9,6
