s_im1 -> s_i             [ID_im1, ID_i]
1 -> 2             [[17, 16], [1007, 62], [473, 464], [1836, 1827], [337, 718], [1471, 1471], [90, 90], [867, 868], [303, 299], [365, 360], [3, 2], [16, 15], [1979, 1971], [1347, 1349], [2129, 1529], [505, 498], [18, 17], [80, 83], [733, 734], [190, 185], [283, 279], [1056, 1058], [625, 621], [1151, 1148], [196, 191], [718, 237], [424, 416], [167, 163], [215, 209], [578, 573], [219, 213], [26, 24], [323, 320], [211, 205], [4, 3], [140, 136], [296, 291], [9, 8], [89, 89], [40, 37], [0, 0], [218, 212], [94, 93]]
2 -> 3             [[1306, 1291], [577, 744], [1827, 1803], [718, 702], [1471, 1446], [868, 856], [2078, 2213], [360, 350], [299, 291], [2, 3], [15, 15], [265, 257], [1349, 1333], [1971, 1939], [1529, 2083], [817, 806], [17, 17], [498, 487], [83, 75], [734, 718], [185, 176], [279, 272], [621, 610], [1058, 1043], [1148, 1133], [237, 228], [191, 182], [416, 409], [163, 153], [255, 247], [209, 201], [573, 559], [213, 206], [24, 23], [62, 57], [320, 45], [205, 197], [136, 129], [3, 4], [291, 283], [8, 9], [89, 82], [37, 37], [212, 204], [0, 0], [93, 92]]
3 -> 4             [[1291, 1275], [16, 17], [1382, 1370], [744, 732], [702, 693], [1803, 1794], [1139, 1129], [1446, 1438], [83, 87], [856, 844], [350, 351], [291, 294], [15, 16], [1939, 1934], [257, 263], [1333, 1319], [2083, 1659], [806, 793], [75, 78], [487, 487], [17, 18], [176, 182], [272, 276], [610, 598], [1043, 1032], [1133, 574], [228, 233], [182, 188], [409, 404], [153, 160], [201, 207], [247, 253], [559, 555], [206, 212], [68, 70], [23, 25], [45, 313], [197, 203], [4, 4], [129, 135], [283, 287], [9, 9], [82, 86], [37, 38], [204, 210], [0, 0], [92, 99]]
4 -> 5             [[1275, 1296], [732, 581], [693, 719], [1794, 1813], [185, 187], [1348, 602], [1438, 1457], [87, 85], [844, 864], [88, 1601], [351, 358], [294, 301], [1934, 1958], [1319, 1336], [18, 17], [1659, 2109], [78, 77], [487, 502], [709, 733], [182, 185], [7, 6], [276, 282], [598, 626], [1032, 1047], [574, 594], [233, 717], [188, 190], [404, 418], [207, 209], [253, 256], [555, 575], [254, 257], [70, 68], [25, 23], [313, 321], [60, 58], [203, 205], [4, 3], [135, 137], [287, 294], [9, 8], [86, 84], [38, 36], [210, 212], [0, 0], [99, 96]]
5 -> 6             [[1103, 1106], [464, 462], [1296, 1304], [16, 16], [581, 579], [849, 559], [719, 716], [1813, 1803], [1457, 1469], [864, 862], [358, 355], [301, 296], [15, 15], [266, 265], [1336, 1348], [1958, 1940], [2109, 1832], [502, 499], [17, 17], [77, 79], [185, 187], [282, 279], [626, 623], [1047, 1050], [594, 1141], [190, 192], [717, 714], [162, 163], [418, 417], [209, 210], [256, 255], [213, 214], [23, 24], [321, 46], [205, 207], [3, 182], [137, 138], [294, 289], [8, 8], [84, 87], [36, 37], [212, 213], [0, 0], [96, 100]]
6 -> 7             [[1304, 1299], [579, 579], [1803, 1796], [716, 716], [88, 85], [1469, 1450], [862, 864], [89, 2211], [296, 299], [355, 355], [265, 266], [15, 16], [1348, 1336], [1940, 1937], [1832, 1666], [814, 816], [499, 500], [17, 18], [79, 77], [735, 733], [187, 183], [279, 280], [623, 623], [1050, 1042], [1141, 1133], [714, 236], [192, 189], [378, 376], [417, 415], [163, 159], [210, 207], [255, 255], [256, 256], [214, 212], [24, 24], [60, 59], [46, 317], [207, 204], [182, 4], [138, 133], [289, 292], [8, 9], [87, 84], [37, 38], [213, 210], [0, 0], [100, 94]]
7 -> 8             [[17, 17], [579, 557], [1463, 1432], [1796, 1770], [716, 695], [1450, 1420], [85, 87], [1362, 1329], [864, 837], [299, 291], [355, 347], [3, 3], [16, 16], [1937, 1905], [1336, 1304], [1666, 2047], [816, 787], [500, 485], [77, 79], [18, 18], [733, 708], [183, 958], [64, 65], [280, 273], [623, 599], [1042, 1021], [1133, 1105], [189, 186], [236, 693], [415, 407], [207, 205], [255, 250], [573, 552], [69, 70], [24, 25], [317, 310], [204, 201], [4, 176], [133, 136], [292, 284], [9, 9], [84, 86], [38, 38], [0, 0], [210, 208], [94, 99]]
8 -> 9             [[1432, 1462], [450, 463], [1352, 1378], [1770, 1798], [695, 709], [1329, 1350], [1420, 1448], [837, 852], [111, 62], [291, 302], [347, 360], [3, 3], [16, 16], [261, 270], [1304, 1319], [1905, 1931], [2047, 2067], [485, 501], [18, 18], [79, 81], [273, 283], [1021, 1037], [1105, 1122], [186, 195], [693, 707], [407, 420], [160, 166], [205, 211], [552, 575], [209, 215], [25, 25], [310, 321], [201, 207], [176, 4], [136, 140], [284, 295], [9, 9], [86, 90], [38, 39], [208, 214], [0, 0], [29, 29], [99, 103]]
9 -> 10             [[1462, 1443], [1378, 1364], [463, 456], [1280, 1269], [749, 739], [709, 702], [1798, 1781], [1126, 1124], [1350, 1336], [1448, 1431], [343, 185], [852, 847], [302, 294], [360, 350], [16, 16], [270, 262], [1319, 1308], [1931, 1919], [2067, 1812], [501, 492], [18, 18], [81, 81], [7, 7], [67, 68], [619, 607], [283, 277], [1037, 1035], [1122, 1117], [195, 188], [382, 371], [191, 185], [420, 409], [166, 161], [211, 206], [575, 560], [215, 210], [25, 25], [321, 48], [62, 63], [207, 202], [4, 4], [140, 138], [295, 287], [9, 9], [90, 91], [39, 39], [214, 209], [0, 0], [103, 67]]
10 -> 11             [[1443, 1434], [1089, 1070], [456, 447], [1269, 1257], [17, 17], [739, 724], [1781, 1755], [702, 685], [1124, 1107], [1431, 1424], [1336, 744], [92, 88], [847, 831], [294, 291], [1177, 231], [350, 346], [16, 16], [262, 260], [1919, 1889], [1308, 1296], [1812, 1784], [81, 79], [18, 18], [492, 482], [796, 782], [717, 700], [607, 595], [277, 274], [1035, 1019], [1117, 1100], [700, 683], [188, 184], [409, 406], [206, 203], [252, 250], [560, 550], [210, 207], [32, 32], [73, 71], [25, 25], [48, 310], [63, 61], [202, 199], [4, 4], [138, 134], [287, 284], [9, 9], [91, 87], [39, 39], [209, 206], [0, 0], [67, 100]]
11 -> 12             [[1352, 1329], [1257, 1244], [724, 549], [1755, 1732], [685, 677], [1424, 1397], [88, 88], [831, 822], [346, 341], [291, 289], [16, 16], [260, 254], [1296, 1283], [1784, 2001], [482, 473], [79, 78], [18, 18], [700, 690], [7, 7], [274, 269], [595, 587], [1019, 1007], [1100, 1092], [683, 675], [184, 185], [406, 394], [160, 156], [203, 203], [250, 244], [550, 543], [207, 207], [25, 25], [61, 61], [310, 307], [199, 200], [4, 4], [134, 132], [284, 281], [9, 9], [87, 87], [39, 39], [206, 206], [0, 0], [100, 93]]
12 -> 13             [[441, 432], [1244, 1246], [17, 16], [1732, 1731], [677, 675], [1097, 1094], [1308, 1308], [1397, 1395], [88, 83], [822, 820], [341, 331], [289, 276], [16, 15], [1861, 1868], [3, 2], [1283, 1282], [473, 466], [2001, 2005], [775, 772], [18, 17], [78, 77], [7, 6], [269, 259], [587, 585], [1007, 1005], [1092, 1088], [675, 673], [185, 178], [360, 355], [394, 391], [156, 152], [203, 195], [244, 236], [543, 534], [207, 199], [25, 23], [307, 295], [200, 192], [4, 3], [132, 127], [281, 210], [9, 8], [87, 82], [39, 37], [206, 198], [0, 0], [93, 87]]
13 -> 14             [[432, 448], [715, 729], [1246, 1246], [1731, 1743], [675, 689], [1094, 1103], [1395, 1403], [1308, 1312], [83, 88], [820, 833], [84, 228], [331, 346], [276, 292], [15, 16], [1868, 1871], [1282, 1287], [2005, 2010], [466, 485], [17, 18], [772, 786], [77, 79], [691, 704], [259, 272], [1005, 1021], [585, 598], [1088, 1099], [178, 188], [673, 687], [391, 406], [195, 204], [236, 247], [534, 551], [237, 248], [199, 209], [58, 62], [23, 25], [295, 310], [192, 200], [3, 178], [127, 135], [210, 284], [8, 9], [82, 87], [37, 38], [0, 0], [198, 207], [87, 91]]
14 -> 15             [[1336, 1342], [1246, 1253], [448, 450], [729, 554], [17, 17], [689, 691], [1743, 1746], [1403, 1411], [88, 89], [833, 836], [346, 345], [292, 289], [16, 16], [1287, 1291], [257, 261], [1871, 1880], [485, 1239], [2010, 1625], [79, 81], [18, 18], [704, 705], [7, 7], [272, 271], [1021, 1018], [1099, 565], [188, 190], [367, 367], [406, 405], [204, 208], [159, 161], [247, 251], [551, 548], [209, 212], [25, 26], [310, 307], [200, 204], [178, 4], [135, 139], [284, 282], [9, 9], [87, 88], [38, 40], [0, 0], [207, 211], [91, 102]]
15 -> 16             [[1253, 1218], [1418, 1383], [1424, 1894], [1342, 1311], [450, 439], [554, 709], [17, 17], [691, 671], [1746, 1706], [1320, 1285], [89, 87], [1411, 1374], [836, 810], [90, 1505], [289, 285], [345, 340], [16, 16], [1291, 1256], [1880, 1834], [1625, 1584], [18, 18], [81, 80], [705, 685], [67, 65], [271, 269], [595, 583], [565, 1070], [1018, 989], [190, 182], [689, 669], [405, 397], [208, 198], [251, 244], [548, 541], [212, 202], [26, 24], [307, 304], [204, 194], [4, 4], [139, 132], [282, 281], [9, 9], [88, 86], [40, 37], [211, 201], [0, 0], [102, 53]]
16 -> 17             [[1383, 1401], [439, 444], [1218, 1236], [671, 671], [1706, 1734], [1074, 1089], [1374, 1396], [810, 820], [1505, 1145], [340, 343], [285, 288], [3, 3], [16, 16], [1256, 36], [1834, 1872], [1584, 2010], [18, 18], [765, 774], [80, 77], [269, 271], [583, 585], [989, 996], [1070, 1084], [669, 669], [182, 185], [397, 401], [155, 157], [198, 203], [541, 540], [202, 207], [71, 70], [24, 25], [304, 306], [194, 199], [4, 4], [132, 132], [281, 216], [9, 9], [86, 86], [37, 37], [201, 206], [0, 0], [53, 84]]
17 -> 18             [[1405, 1354], [1331, 1282], [1052, 877], [1236, 1191], [715, 698], [671, 663], [1734, 1669], [87, 85], [1306, 1258], [1396, 1343], [820, 802], [1145, 215], [288, 277], [343, 328], [16, 16], [1872, 1798], [36, 1233], [2010, 1934], [18, 18], [77, 76], [686, 676], [65, 62], [271, 260], [585, 577], [996, 969], [1084, 1047], [669, 557], [185, 176], [401, 388], [203, 194], [246, 237], [540, 530], [207, 199], [31, 29], [25, 23], [60, 57], [306, 293], [199, 190], [4, 167], [132, 126], [216, 208], [9, 9], [86, 84], [37, 35], [206, 197], [0, 0], [84, 95]]
18 -> 19             [[429, 419], [877, 1006], [1354, 1825], [17, 16], [1191, 1177], [1669, 1643], [663, 649], [2034, 1478], [1343, 1322], [1258, 1238], [802, 780], [328, 330], [277, 279], [3, 3], [16, 15], [1798, 1765], [1233, 1212], [1934, 1896], [18, 17], [76, 76], [260, 261], [577, 561], [1047, 1035], [969, 955], [176, 179], [350, 349], [388, 382], [194, 196], [237, 236], [530, 515], [238, 237], [199, 200], [23, 24], [293, 296], [57, 60], [190, 192], [167, 4], [126, 131], [208, 272], [9, 8], [84, 84], [35, 37], [0, 0], [197, 199], [95, 97]]
19 -> 20             [[1825, 1731], [959, 907], [1329, 1261], [297, 278], [1258, 1199], [1177, 1117], [521, 501], [649, 616], [1643, 1554], [1322, 1254], [85, 81], [780, 747], [279, 261], [330, 313], [15, 14], [1765, 1677], [1212, 1153], [1896, 1802], [76, 73], [735, 635], [17, 16], [658, 630], [64, 59], [261, 245], [955, 903], [561, 537], [1035, 990], [647, 614], [179, 168], [382, 363], [196, 184], [515, 496], [237, 221], [200, 189], [69, 65], [24, 23], [296, 277], [192, 180], [4, 4], [131, 125], [272, 255], [8, 17], [84, 80], [37, 35], [199, 187], [0, 0], [97, 92]]
20 -> 21             [[907, 947], [1261, 1294], [957, 856], [1731, 1298], [1117, 1151], [15, 14], [1199, 812], [501, 525], [401, 421], [1554, 1607], [616, 646], [1262, 1441], [1254, 1287], [1177, 1209], [81, 83], [747, 780], [313, 324], [82, 209], [261, 274], [14, 13], [1677, 1734], [1153, 1185], [1802, 1862], [73, 74], [16, 15], [630, 659], [59, 62], [245, 257], [903, 943], [537, 565], [990, 1018], [614, 644], [168, 174], [330, 346], [363, 384], [184, 191], [220, 231], [496, 519], [189, 196], [23, 23], [277, 290], [55, 58], [180, 187], [125, 128], [255, 267], [17, 16], [80, 82], [35, 36], [187, 194], [0, 0], [92, 94]]
21 -> 22             [[806, 780], [947, 925], [1298, 1289], [1294, 469], [856, 968], [1151, 1134], [525, 510], [421, 415], [1607, 1593], [1287, 1278], [646, 630], [780, 756], [83, 84], [274, 280], [324, 326], [209, 85], [13, 13], [2, 2], [241, 244], [1734, 1720], [1185, 1172], [1862, 1622], [74, 74], [733, 716], [15, 15], [659, 642], [62, 62], [257, 262], [565, 551], [943, 921], [1018, 522], [174, 178], [644, 214], [384, 383], [191, 193], [231, 234], [519, 504], [196, 198], [23, 23], [58, 58], [290, 296], [187, 189], [166, 169], [128, 88], [267, 273], [82, 83], [36, 35], [0, 0], [194, 196], [94, 95]]
22 -> 23             [[780, 775], [925, 928], [1289, 1293], [469, 1287], [968, 972], [14, 15], [1134, 1137], [510, 655], [1217, 1218], [1593, 1594], [630, 622], [1196, 1196], [1278, 1279], [756, 747], [84, 85], [280, 268], [85, 1964], [326, 315], [1172, 1172], [1720, 1718], [13, 14], [74, 78], [1622, 1848], [15, 16], [642, 633], [262, 250], [551, 540], [522, 1002], [921, 922], [178, 171], [214, 524], [383, 367], [193, 187], [504, 500], [23, 24], [58, 60], [296, 284], [189, 183], [169, 163], [88, 88], [16, 17], [273, 260], [83, 84], [35, 37], [196, 190], [0, 0], [95, 96]]
23 -> 24             [[928, 452], [1287, 1150], [972, 638], [15, 26], [1293, 2056], [655, 1039], [1594, 382], [622, 391], [1279, 2036], [1196, 1921], [747, 916], [85, 124], [315, 519], [268, 433], [1964, 125], [789, 273], [14, 25], [1718, 910], [1172, 534], [1848, 1064], [78, 113], [16, 27], [633, 14], [64, 97], [540, 870], [1002, 202], [922, 483], [171, 277], [167, 273], [367, 482], [187, 136], [227, 239], [500, 794], [192, 315], [24, 39], [284, 437], [163, 3], [88, 214], [17, 28], [260, 203], [84, 122], [37, 53], [0, 0], [190, 213], [96, 90]]
24 -> 25             [[123, 129], [452, 449], [1150, 1139], [64, 1158], [1402, 87], [2056, 2725], [638, 634], [26, 27], [1039, 795], [1267, 1255], [382, 381], [391, 390], [2036, 2009], [2048, 2021], [1921, 1897], [916, 910], [124, 130], [519, 511], [433, 429], [125, 131], [235, 240], [25, 26], [534, 531], [910, 904], [1064, 1058], [139, 146], [27, 28], [300, 305], [870, 864], [483, 478], [202, 209], [277, 283], [333, 334], [348, 347], [136, 143], [239, 244], [794, 786], [315, 319], [55, 87], [39, 41], [437, 433], [3, 4], [214, 15], [28, 29], [203, 210], [122, 128], [53, 57], [0, 0], [213, 221], [90, 38]]
25 -> 26             [[358, 362], [129, 126], [449, 455], [1139, 1133], [2725, 2030], [634, 634], [381, 388], [390, 397], [2009, 2010], [910, 907], [130, 127], [511, 518], [131, 363], [3, 3], [26, 26], [391, 398], [904, 901], [531, 539], [119, 258], [1058, 1055], [146, 141], [28, 28], [14, 15], [10, 11], [305, 303], [864, 862], [209, 203], [478, 486], [477, 485], [334, 335], [283, 282], [347, 351], [143, 138], [244, 247], [786, 788], [319, 319], [309, 308], [41, 40], [433, 131], [4, 4], [15, 216], [29, 29], [210, 204], [128, 125], [57, 56], [0, 0], [221, 215], [38, 95]]
26 -> 27             [[455, 1131], [126, 120], [1381, 80], [1133, 1126], [2030, 2017], [1026, 581], [388, 378], [397, 386], [2010, 1997], [1894, 1877], [907, 904], [127, 121], [434, 424], [518, 504], [363, 352], [26, 25], [539, 524], [901, 898], [398, 387], [1055, 1049], [28, 27], [141, 136], [15, 14], [11, 10], [303, 297], [99, 95], [203, 198], [486, 624], [335, 326], [282, 276], [138, 133], [247, 241], [788, 787], [145, 140], [85, 80], [319, 310], [40, 38], [131, 428], [4, 252], [216, 212], [29, 28], [204, 199], [125, 119], [56, 54], [0, 0], [215, 211], [95, 90]]
27 -> 28             [[100, 106], [158, 162], [120, 125], [1131, 444], [1126, 1133], [631, 633], [1148, 68], [2017, 2715], [1237, 1249], [378, 375], [386, 385], [1997, 2026], [1877, 1915], [904, 904], [121, 126], [472, 474], [250, 247], [424, 423], [504, 508], [352, 350], [108, 115], [25, 28], [387, 386], [898, 899], [524, 526], [1049, 1050], [27, 30], [297, 298], [859, 864], [198, 202], [624, 475], [326, 327], [276, 276], [340, 341], [133, 138], [241, 237], [787, 792], [301, 302], [310, 311], [38, 43], [428, 428], [80, 88], [252, 250], [212, 17], [28, 31], [199, 203], [119, 124], [54, 59], [0, 0], [211, 213], [90, 40]]
28 -> 29             [[125, 126], [444, 1126], [29, 28], [633, 623], [1133, 1122], [2715, 2698], [1249, 1240], [1027, 1011], [375, 374], [385, 384], [2026, 2015], [247, 251], [904, 893], [126, 127], [474, 472], [423, 423], [350, 1098], [508, 504], [28, 27], [526, 522], [899, 888], [386, 385], [1050, 1039], [30, 29], [16, 15], [12, 11], [298, 296], [864, 850], [202, 200], [475, 616], [327, 325], [276, 276], [341, 313], [138, 138], [237, 238], [302, 301], [311, 311], [105, 106], [43, 43], [428, 427], [88, 87], [250, 4], [17, 16], [31, 30], [203, 201], [124, 125], [59, 58], [0, 0], [213, 212], [40, 40]]
29 -> 30             [[1126, 1080], [126, 122], [28, 29], [1122, 1077], [2698, 2604], [1240, 1190], [374, 353], [384, 361], [1907, 1819], [2015, 1929], [893, 848], [127, 123], [251, 8491], [472, 3723], [423, 393], [504, 466], [1098, 124], [27, 28], [3, 3], [888, 843], [385, 362], [522, 483], [1039, 989], [29, 30], [15, 16], [11, 12], [296, 284], [101, 95], [850, 804], [200, 195], [616, 578], [276, 264], [325, 94], [138, 136], [238, 232], [773, 730], [301, 1161], [145, 141], [311, 298], [43, 40], [427, 397], [87, 84], [4, 228], [16, 17], [30, 31], [201, 196], [125, 121], [58, 56], [0, 0], [212, 206], [40, 237]]
30 -> 31             [[152, 149], [122, 119], [1080, 1059], [1077, 1056], [585, 586], [29, 25], [2604, 1918], [968, 957], [1190, 1169], [353, 355], [2136, 2080], [361, 364], [1929, 1903], [1819, 1794], [848, 843], [123, 120], [393, 402], [466, 471], [124, 332], [28, 24], [843, 837], [362, 365], [483, 486], [989, 979], [138, 133], [30, 26], [16, 14], [284, 282], [195, 192], [578, 579], [94, 308], [264, 263], [323, 322], [136, 131], [232, 233], [730, 727], [298, 296], [46, 43], [40, 37], [397, 406], [228, 244], [17, 205], [31, 27], [196, 193], [121, 118], [56, 53], [0, 0], [206, 204]]
31 -> 32             [[1280, 1266], [157, 152], [331, 320], [1059, 409], [1056, 1056], [25, 25], [957, 955], [355, 344], [364, 353], [1794, 1765], [1903, 1873], [2080, 2065], [843, 832], [120, 117], [402, 392], [471, 465], [332, 321], [24, 24], [3, 3], [837, 827], [486, 480], [979, 979], [365, 354], [26, 26], [14, 13], [10, 9], [374, 364], [282, 275], [192, 189], [579, 569], [263, 258], [308, 89], [131, 129], [233, 226], [727, 717], [97, 95], [37, 36], [55, 53], [406, 395], [244, 239], [205, 202], [27, 27], [118, 115], [53, 51], [0, 0], [204, 201]]
32 -> 33             [[1167, 1142], [1266, 1241], [522, 503], [152, 154], [320, 313], [409, 392], [2539, 1851], [25, 22], [576, 558], [1056, 1034], [60, 60], [955, 932], [353, 342], [344, 335], [1765, 1730], [1873, 1833], [832, 820], [117, 120], [392, 377], [465, 448], [321, 314], [787, 775], [24, 21], [979, 953], [827, 813], [354, 343], [480, 462], [131, 133], [26, 23], [13, 12], [90, 93], [364, 307], [275, 270], [189, 188], [569, 552], [258, 253], [89, 292], [129, 131], [226, 223], [717, 702], [135, 137], [289, 283], [42, 41], [36, 34], [53, 79], [395, 380], [239, 219], [202, 200], [27, 24], [190, 373], [115, 119], [51, 50], [0, 0], [201, 199]]
33 -> 34             [[1011, 997], [1241, 1233], [503, 510], [584, 584], [154, 152], [313, 315], [1851, 1858], [1034, 1019], [558, 559], [342, 882], [335, 336], [1833, 1839], [1730, 1731], [459, 464], [820, 809], [120, 116], [377, 380], [448, 450], [21, 21], [2, 2], [813, 802], [953, 940], [462, 468], [343, 346], [133, 129], [23, 23], [8, 8], [93, 88], [270, 268], [188, 184], [552, 553], [253, 251], [292, 87], [131, 127], [223, 221], [283, 282], [41, 39], [34, 32], [380, 383], [200, 195], [219, 3], [24, 24], [119, 115], [50, 47], [0, 0], [199, 194]]
34 -> 35             [[997, 1003], [510, 504], [1233, 1231], [584, 598], [145, 146], [152, 154], [315, 311], [22, 24], [1858, 1829], [1019, 1024], [882, 1557], [336, 336], [1839, 1811], [809, 806], [116, 117], [380, 378], [450, 449], [998, 312], [940, 6379], [21, 23], [2, 3], [802, 800], [468, 464], [23, 25], [216, 215], [129, 131], [12, 14], [349, 149], [268, 269], [184, 186], [553, 549], [87, 291], [251, 252], [306, 303], [127, 129], [221, 219], [696, 694], [282, 282], [39, 41], [93, 94], [32, 34], [383, 382], [195, 124], [3, 4], [24, 26], [115, 116], [47, 51], [0, 0], [194, 196]]
35 -> 36             [[1003, 991], [504, 503], [1132, 1124], [1231, 1224], [154, 149], [311, 310], [1024, 1012], [1829, 1816], [700, 912], [336, 334], [1811, 1796], [1712, 1691], [806, 796], [1986, 748], [117, 115], [378, 377], [312, 311], [449, 446], [23, 22], [464, 461], [344, 344], [800, 790], [25, 24], [14, 14], [90, 87], [149, 144], [269, 268], [186, 183], [549, 543], [84, 230], [252, 251], [291, 291], [129, 124], [219, 220], [282, 280], [94, 92], [34, 32], [79, 77], [382, 380], [124, 194], [4, 4], [26, 25], [116, 114], [51, 49], [0, 0], [196, 193]]
36 -> 37             [[1018, 782], [630, 628], [991, 977], [1224, 1203], [503, 497], [141, 142], [310, 305], [149, 149], [23, 24], [2170, 2151], [550, 548], [1012, 997], [1816, 2391], [912, 694], [334, 328], [1796, 1780], [1691, 1673], [115, 115], [748, 1958], [446, 439], [377, 368], [311, 978], [3, 3], [22, 23], [790, 788], [461, 453], [215, 208], [24, 25], [126, 127], [14, 14], [268, 258], [183, 182], [543, 542], [291, 282], [251, 243], [124, 125], [220, 211], [691, 687], [280, 272], [39, 41], [32, 34], [380, 372], [194, 15], [4, 4], [25, 26], [114, 114], [49, 50], [0, 0], [193, 192]]
37 -> 38             [[782, 1007], [977, 979], [628, 630], [1203, 1211], [497, 505], [590, 591], [149, 149], [305, 313], [142, 142], [59, 730], [24, 22], [795, 795], [2151, 2164], [997, 1001], [2391, 1802], [548, 550], [694, 903], [328, 337], [1780, 1784], [1673, 1685], [368, 380], [439, 449], [23, 21], [453, 462], [788, 788], [25, 23], [208, 213], [127, 129], [10, 9], [14, 13], [258, 270], [182, 182], [542, 544], [282, 293], [243, 252], [125, 127], [211, 218], [687, 689], [272, 282], [34, 32], [51, 50], [372, 383], [15, 193], [4, 231], [26, 24], [114, 114], [50, 49], [0, 0], [192, 192]]
38 -> 39             [[1007, 993], [979, 968], [630, 617], [1211, 1192], [505, 493], [313, 306], [149, 144], [142, 136], [22, 23], [795, 782], [1001, 951], [550, 540], [903, 895], [337, 327], [1685, 1661], [1784, 1759], [2088, 1931], [115, 108], [380, 370], [449, 440], [314, 307], [3, 3], [21, 22], [346, 336], [462, 452], [788, 776], [23, 24], [213, 207], [9, 10], [13, 14], [350, 139], [270, 263], [182, 177], [544, 535], [229, 223], [252, 248], [293, 285], [127, 120], [218, 213], [689, 678], [282, 275], [39, 40], [77, 51], [32, 33], [383, 374], [193, 114], [231, 225], [24, 25], [114, 107], [49, 49], [0, 0], [192, 188]]
39 -> 40             [[507, 484], [993, 674], [1091, 1054], [968, 932], [493, 471], [1192, 1144], [580, 557], [144, 142], [136, 135], [306, 294], [23, 23], [2120, 2060], [2353, 1716], [951, 951], [540, 519], [327, 313], [1698, 1635], [1759, 1698], [1931, 1989], [182, 178], [1661, 1600], [108, 106], [370, 351], [440, 420], [3, 3], [452, 431], [22, 22], [776, 749], [336, 321], [24, 24], [207, 201], [14, 13], [85, 83], [139, 325], [263, 250], [177, 173], [535, 513], [285, 273], [248, 235], [298, 288], [120, 118], [213, 207], [678, 652], [124, 124], [275, 262], [40, 40], [33, 33], [51, 74], [374, 354], [114, 185], [225, 202], [25, 25], [107, 105], [49, 49], [0, 0], [188, 184]]
40 -> 41             [[1144, 1162], [471, 480], [591, 601], [135, 136], [294, 298], [142, 142], [951, 974], [1716, 1734], [853, 486], [313, 317], [1698, 1713], [106, 109], [1989, 437], [1635, 1653], [351, 359], [420, 426], [3, 2], [22, 21], [431, 440], [749, 766], [321, 325], [120, 122], [24, 23], [201, 201], [13, 13], [83, 87], [250, 254], [173, 173], [513, 523], [235, 238], [215, 81], [118, 121], [207, 207], [652, 667], [262, 267], [33, 33], [354, 363], [202, 218], [185, 184], [25, 24], [105, 108], [49, 50], [0, 0], [184, 183]]
41 -> 42             [[494, 469], [689, 703], [951, 3225], [1162, 1084], [480, 457], [136, 126], [551, 522], [142, 133], [298, 285], [974, 893], [2076, 1934], [529, 499], [486, 811], [317, 302], [1618, 1506], [1713, 1603], [437, 1872], [1653, 1543], [109, 100], [359, 340], [426, 406], [2, 3], [440, 417], [21, 19], [122, 112], [23, 20], [201, 191], [13, 1204], [335, 128], [254, 241], [173, 162], [523, 493], [278, 27], [238, 227], [291, 276], [121, 2317], [207, 196], [667, 620], [125, 114], [267, 252], [40, 38], [33, 31], [363, 343], [184, 173], [218, 205], [24, 21], [108, 99], [50, 48], [0, 0], [183, 550]]
42 -> 43             [[703, 714], [567, 574], [457, 457], [522, 526], [285, 283], [126, 121], [22, 22], [2145, 1603], [893, 896], [499, 504], [302, 300], [811, 816], [1603, 1581], [1506, 1492], [1872, 681], [1543, 1527], [100, 97], [340, 335], [406, 404], [3, 3], [19, 19], [708, 717], [310, 308], [112, 108], [20, 20], [191, 186], [162, 157], [493, 498], [227, 221], [276, 275], [27, 260], [196, 192], [620, 628], [114, 109], [252, 249], [31, 31], [343, 338], [205, 200], [173, 168], [21, 21], [99, 96], [48, 48], [0, 0]]
43 -> 44             [[62, 65], [1086, 1072], [377, 379], [714, 891], [457, 462], [574, 568], [283, 284], [128, 131], [896, 886], [1894, 1665], [504, 502], [1603, 2096], [816, 624], [22, 23], [300, 302], [1492, 1465], [1581, 1554], [97, 99], [162, 170], [681, 1815], [1527, 1501], [404, 405], [335, 341], [418, 418], [19, 20], [9, 10], [717, 707], [308, 311], [108, 111], [20, 21], [317, 320], [186, 190], [237, 240], [157, 166], [498, 498], [221, 224], [260, 263], [275, 278], [192, 194], [628, 618], [109, 112], [249, 252], [38, 39], [66, 70], [31, 32], [338, 344], [342, 326], [168, 176], [200, 4], [21, 22], [96, 98], [48, 48], [0, 0]]
44 -> 45             [[476, 1902], [379, 375], [462, 460], [537, 536], [131, 128], [284, 283], [886, 893], [2096, 1560], [502, 502], [624, 812], [302, 297], [1554, 1539], [1465, 1458], [1815, 1707], [99, 96], [1501, 1492], [341, 334], [405, 403], [3, 3], [418, 416], [20, 19], [707, 710], [111, 109], [21, 20], [190, 187], [240, 238], [166, 159], [498, 497], [263, 261], [224, 223], [278, 275], [194, 193], [618, 618], [112, 110], [252, 249], [70, 67], [32, 30], [344, 337], [4, 4], [176, 169], [22, 21], [98, 95], [48, 46], [0, 0]]
45 -> 46             [[802, 770], [977, 927], [1146, 1106], [375, 361], [472, 444], [706, 863], [567, 544], [460, 433], [536, 509], [283, 264], [128, 124], [893, 857], [1560, 1510], [502, 473], [812, 599], [22, 21], [297, 281], [1539, 1492], [1707, 647], [1458, 1408], [1492, 1442], [96, 96], [334, 319], [403, 385], [416, 394], [19, 18], [9, 8], [710, 683], [305, 290], [20, 19], [109, 106], [187, 182], [238, 229], [159, 157], [497, 469], [223, 215], [202, 194], [261, 249], [275, 258], [193, 184], [618, 594], [110, 107], [249, 240], [37, 37], [67, 66], [30, 30], [337, 323], [4, 3], [169, 168], [21, 20], [94, 94], [95, 95], [46, 47], [0, 0]]
46 -> 47             [[790, 739], [1106, 1042], [361, 345], [444, 2323], [863, 810], [433, 416], [544, 517], [509, 485], [118, 118], [264, 263], [124, 123], [857, 803], [473, 452], [21, 20], [599, 729], [281, 275], [1492, 1422], [647, 1564], [96, 92], [1408, 1345], [1442, 1379], [319, 312], [385, 366], [394, 378], [2, 3], [18, 17], [8, 8], [683, 637], [290, 285], [299, 293], [19, 18], [182, 176], [229, 223], [157, 155], [469, 448], [215, 208], [249, 243], [258, 683], [184, 181], [594, 561], [240, 233], [37, 36], [30, 29], [323, 314], [326, 173], [3, 177], [168, 163], [20, 19], [95, 91], [47, 45], [0, 0]]
47 -> 48             [[57, 57], [1042, 1025], [739, 730], [345, 336], [517, 498], [485, 467], [118, 115], [263, 258], [123, 121], [803, 790], [1911, 1414], [1720, 1689], [452, 440], [729, 721], [275, 270], [1422, 1394], [157, 152], [1564, 1534], [92, 91], [1379, 1350], [312, 303], [3, 3], [17, 17], [637, 627], [106, 104], [18, 18], [176, 173], [223, 219], [155, 149], [448, 436], [243, 240], [208, 205], [187, 185], [561, 546], [107, 105], [233, 229], [29, 29], [314, 306], [177, 187], [163, 158], [91, 90], [45, 45], [0, 0]]
48 -> 49             [[796, 803], [1719, 1868], [255, 875], [1602, 150], [12, 13], [416, 424], [57, 59], [1025, 1027], [730, 740], [336, 344], [368, 376], [498, 510], [115, 119], [258, 264], [790, 796], [121, 124], [74, 77], [20, 21], [440, 448], [1414, 1887], [356, 364], [270, 277], [721, 730], [1394, 1407], [1534, 606], [91, 94], [1318, 1325], [152, 158], [1350, 1361], [303, 310], [8, 9], [17, 18], [627, 641], [285, 292], [279, 286], [104, 108], [18, 19], [173, 179], [219, 226], [149, 155], [436, 444], [205, 211], [240, 245], [185, 68], [62, 64], [178, 183], [546, 557], [105, 109], [229, 234], [36, 36], [29, 29], [306, 99], [309, 316], [19, 20], [187, 190], [158, 164], [89, 92], [90, 93], [45, 45], [0, 0]]
49 -> 50             [[803, 782], [1027, 1015], [424, 974], [740, 719], [376, 366], [344, 334], [59, 58], [510, 496], [476, 469], [264, 251], [796, 776], [77, 73], [21, 20], [1693, 1686], [1887, 1416], [448, 441], [730, 710], [364, 354], [277, 263], [1407, 1395], [94, 89], [1325, 1311], [1361, 1348], [606, 586], [310, 301], [18, 17], [9, 8], [3, 3], [292, 281], [641, 619], [286, 273], [108, 264], [19, 18], [179, 165], [226, 211], [155, 143], [444, 436], [211, 198], [245, 230], [68, 175], [183, 168], [557, 540], [234, 208], [36, 35], [29, 29], [99, 92], [20, 19], [190, 177], [164, 151], [92, 87], [93, 88], [45, 44], [0, 0]]
50 -> 51             [[556, 778], [974, 404], [1015, 972], [58, 53], [334, 332], [496, 478], [109, 106], [469, 451], [251, 254], [116, 113], [776, 751], [1416, 1334], [441, 428], [710, 686], [263, 264], [1395, 1313], [1311, 1239], [89, 84], [586, 572], [1348, 1270], [146, 145], [301, 301], [17, 17], [281, 282], [619, 603], [18, 18], [165, 165], [211, 289], [143, 142], [436, 424], [198, 201], [230, 236], [168, 170], [540, 528], [100, 96], [29, 29], [92, 303], [177, 166], [151, 151], [88, 83], [44, 40], [0, 0]]
51 -> 52             [[825, 791], [697, 673], [972, 955], [53, 50], [332, 315], [478, 458], [113, 108], [451, 428], [254, 233], [69, 65], [1334, 1311], [428, 406], [20, 19], [264, 243], [686, 662], [1313, 1292], [84, 79], [1239, 1213], [1270, 1248], [572, 1432], [145, 129], [301, 284], [3, 3], [17, 882], [603, 580], [273, 252], [18, 18], [165, 149], [142, 127], [424, 402], [201, 182], [236, 213], [177, 161], [170, 154], [528, 506], [224, 202], [29, 27], [303, 286], [307, 147], [166, 150], [151, 135], [83, 78], [0, 0], [40, 38]]
52 -> 53             [[651, 653], [1335, 123], [1738, 1718], [955, 944], [50, 51], [315, 316], [673, 673], [458, 462], [101, 100], [428, 432], [233, 233], [1311, 1734], [1575, 1565], [406, 407], [19, 19], [243, 245], [662, 663], [1213, 1210], [79, 80], [1292, 1283], [1248, 1240], [1432, 1421], [3, 3], [9, 9], [260, 262], [580, 581], [252, 254], [271, 273], [18, 18], [149, 148], [127, 127], [402, 403], [182, 182], [213, 214], [161, 58], [92, 91], [202, 203], [27, 27], [286, 285], [147, 289], [135, 136], [78, 79], [38, 39], [0, 0]]
53 -> 54             [[579, 570], [585, 577], [13, 13], [1718, 1711], [253, 248], [526, 741], [796, 779], [944, 935], [123, 881], [673, 662], [701, 711], [316, 309], [462, 455], [432, 429], [233, 228], [106, 106], [66, 65], [1734, 1726], [1565, 1555], [246, 241], [407, 407], [245, 240], [871, 866], [663, 548], [283, 277], [1210, 1211], [1283, 1287], [1421, 1497], [80, 79], [130, 131], [1240, 1241], [262, 257], [581, 572], [254, 249], [273, 267], [18, 18], [148, 149], [267, 261], [127, 128], [403, 402], [182, 183], [214, 212], [449, 445], [58, 160], [153, 153], [506, 497], [203, 202], [27, 28], [285, 279], [4, 162], [289, 282], [136, 137], [209, 203], [79, 78], [39, 38], [0, 0]]
54 -> 55             [[577, 579], [646, 646], [13, 11], [570, 572], [741, 741], [1711, 1579], [711, 714], [51, 51], [935, 930], [662, 664], [309, 309], [455, 461], [19, 17], [99, 100], [429, 430], [228, 229], [106, 107], [65, 66], [1555, 1547], [1726, 1724], [407, 407], [240, 240], [866, 860], [241, 248], [548, 655], [277, 278], [1211, 1192], [79, 80], [1287, 1266], [1497, 545], [1241, 1224], [3, 2], [572, 574], [257, 257], [267, 267], [249, 249], [18, 16], [149, 151], [261, 262], [128, 128], [402, 402], [183, 185], [212, 212], [445, 447], [160, 58], [153, 155], [497, 505], [89, 91], [202, 205], [28, 26], [279, 280], [162, 3], [282, 283], [137, 137], [203, 206], [78, 79], [38, 38], [0, 0]]
55 -> 56             [[572, 570], [579, 576], [741, 518], [646, 643], [223, 223], [1579, 1730], [1473, 1490], [714, 711], [51, 50], [44, 44], [930, 939], [664, 663], [309, 308], [461, 453], [229, 228], [107, 104], [430, 424], [407, 404], [1547, 1568], [1724, 1302], [17, 18], [655, 653], [240, 240], [278, 277], [1192, 1212], [1266, 1284], [80, 77], [131, 128], [1224, 1245], [257, 257], [574, 572], [267, 267], [249, 249], [16, 17], [151, 149], [128, 125], [402, 400], [185, 181], [212, 213], [447, 441], [91, 87], [205, 203], [26, 27], [280, 279], [3, 161], [283, 282], [137, 134], [79, 76], [38, 39], [0, 0]]
56 -> 57             [[570, 542], [576, 548], [518, 710], [1730, 1675], [711, 681], [50, 46], [939, 907], [223, 755], [1490, 1441], [663, 632], [308, 289], [453, 430], [424, 398], [228, 215], [248, 233], [869, 836], [63, 60], [104, 95], [404, 376], [1302, 1260], [240, 226], [653, 624], [277, 261], [1212, 1163], [336, 1371], [1284, 1240], [77, 74], [1245, 1194], [3, 3], [257, 242], [267, 250], [572, 544], [249, 234], [17, 18], [149, 136], [261, 246], [125, 115], [400, 372], [181, 168], [441, 417], [213, 199], [159, 146], [154, 139], [502, 474], [203, 189], [27, 27], [279, 262], [161, 148], [282, 202], [134, 124], [76, 73], [39, 37], [0, 0]]
57 -> 58             [[710, 696], [542, 544], [548, 550], [232, 228], [436, 434], [1675, 1573], [755, 727], [907, 877], [46, 49], [632, 624], [289, 290], [430, 428], [90, 92], [398, 399], [215, 210], [95, 96], [60, 64], [1515, 1424], [1260, 1588], [376, 379], [19, 17], [226, 222], [624, 614], [261, 258], [1240, 1188], [1371, 1300], [74, 77], [1194, 1153], [9, 8], [3, 3], [242, 238], [544, 546], [234, 230], [18, 16], [136, 138], [246, 243], [115, 116], [372, 374], [168, 165], [199, 195], [146, 56], [189, 185], [27, 26], [262, 80], [202, 261], [124, 126], [73, 76], [37, 38], [0, 0]]
58 -> 59             [[268, 251], [357, 769], [696, 632], [606, 553], [1573, 1459], [544, 790], [1357, 1256], [624, 567], [877, 798], [49, 43], [290, 269], [428, 401], [92, 84], [96, 89], [210, 197], [1424, 1316], [1588, 1475], [222, 209], [379, 357], [614, 478], [258, 241], [1124, 1028], [1188, 1091], [77, 720], [1300, 1199], [1153, 1056], [120, 110], [3, 3], [238, 223], [230, 217], [16, 12], [138, 129], [116, 106], [374, 352], [195, 179], [56, 50], [85, 75], [185, 170], [26, 22], [126, 116], [254, 174], [76, 69], [0, 0], [38, 33]]
59 -> 60             [[342, 503], [240, 348], [769, 464], [632, 596], [545, 375], [790, 1158], [458, 340], [553, 833], [1459, 428], [215, 310], [43, 64], [567, 269], [269, 392], [84, 122], [374, 145], [89, 128], [1475, 578], [209, 302], [357, 538], [241, 349], [1091, 535], [1028, 421], [1199, 98], [1056, 600], [110, 157], [217, 312], [12, 22], [129, 184], [106, 155], [352, 74], [179, 283], [50, 198], [170, 237], [22, 37], [116, 70], [0, 1], [33, 53]]
60 -> 61             [[487, 361], [226, 178], [348, 260], [503, 376], [464, 346], [363, 270], [310, 366], [833, 660], [64, 47], [269, 209], [392, 290], [122, 96], [145, 119], [128, 101], [578, 443], [302, 1466], [300, 225], [538, 2126], [349, 261], [535, 402], [421, 315], [98, 75], [14, 15], [600, 456], [157, 128], [7, 14], [312, 134], [22, 19], [184, 144], [155, 2030], [74, 57], [198, 152], [110, 87], [237, 77], [37, 32], [70, 53], [1, 1243], [53, 85]]
61 -> 62             [[338, 322], [95, 89], [1005, 963], [546, 517], [116, 108], [556, 526], [361, 344], [105, 98], [260, 254], [376, 354], [346, 329], [178, 171], [236, 231], [660, 624], [209, 204], [290, 280], [457, 99], [119, 111], [101, 94], [21, 19], [402, 377], [315, 299], [75, 71], [456, 432], [128, 120], [134, 126], [19, 17], [144, 136], [57, 55], [152, 145], [87, 51], [77, 179], [32, 29], [53, 50]]
62 -> 63             [[1670, 1650], [30, 30], [1900, 1865], [149, 146], [618, 606], [104, 105], [482, 472], [352, 347], [87, 88], [899, 681], [103, 104], [322, 319], [963, 956], [89, 90], [517, 505], [108, 108], [430, 419], [98, 99], [254, 246], [171, 167], [354, 349], [329, 326], [624, 613], [204, 196], [280, 274], [99, 100], [90, 91], [111, 110], [94, 95], [19, 41], [219, 214], [255, 247], [13, 13], [377, 372], [299, 295], [71, 72], [432, 421], [120, 120], [126, 220], [17, 17], [136, 132], [55, 55], [145, 141], [51, 84], [179, 74], [29, 29], [50, 52]]
63 -> 64             [[403, 399], [30, 29], [1865, 1861], [347, 346], [606, 600], [472, 1690], [88, 89], [681, 869], [873, 857], [104, 105], [319, 317], [956, 935], [90, 91], [505, 501], [108, 108], [166, 166], [339, 337], [419, 420], [291, 291], [99, 101], [167, 167], [246, 246], [349, 348], [326, 324], [225, 226], [613, 607], [274, 275], [95, 97], [41, 40], [110, 110], [214, 215], [247, 247], [372, 374], [295, 295], [72, 73], [421, 422], [120, 120], [220, 221], [17, 16], [132, 134], [55, 56], [141, 142], [84, 52], [74, 174], [29, 28], [52, 51]]
64 -> 65             [[1655, 1630], [329, 334], [1329, 1321], [29, 29], [106, 103], [346, 350], [1861, 972], [1690, 468], [600, 602], [89, 85], [491, 490], [105, 102], [935, 938], [317, 322], [501, 503], [108, 104], [166, 512], [420, 420], [291, 294], [246, 248], [167, 166], [348, 352], [324, 329], [607, 608], [199, 200], [275, 276], [423, 423], [92, 88], [97, 93], [215, 217], [110, 107], [247, 249], [12, 13], [374, 373], [295, 297], [73, 69], [422, 422], [120, 116], [68, 65], [221, 223], [16, 17], [134, 130], [56, 53], [142, 139], [52, 81], [175, 310], [174, 71], [28, 28], [51, 50]]
65 -> 66             [[334, 329], [19, 18], [1321, 1310], [1143, 1134], [1630, 1637], [144, 143], [103, 101], [350, 344], [447, 444], [602, 595], [972, 1852], [85, 84], [468, 1674], [204, 199], [102, 100], [490, 484], [938, 935], [322, 317], [503, 495], [104, 103], [512, 164], [294, 289], [342, 337], [420, 418], [248, 244], [98, 97], [166, 165], [352, 346], [257, 252], [329, 324], [117, 116], [200, 195], [276, 271], [38, 38], [88, 87], [423, 421], [93, 92], [107, 106], [39, 39], [249, 245], [13, 12], [373, 371], [297, 292], [69, 70], [422, 420], [116, 115], [223, 217], [17, 16], [130, 130], [53, 53], [139, 138], [81, 50], [310, 304], [71, 173], [28, 28], [50, 49]]
66 -> 67             [[1134, 2470], [18, 29], [2, 4], [29, 41], [1852, 659], [344, 499], [143, 480], [1674, 379], [595, 828], [84, 137], [1484, 428], [867, 1043], [100, 171], [484, 681], [935, 1278], [317, 129], [495, 457], [103, 173], [164, 260], [337, 3], [418, 479], [289, 6105], [97, 165], [244, 360], [165, 261], [346, 501], [324, 401], [252, 331], [602, 836], [195, 37], [271, 404], [38, 1542], [87, 142], [421, 587], [92, 145], [211, 2714], [106, 174], [39, 52], [12, 20], [245, 2435], [371, 240], [292, 1998], [70, 100], [420, 586], [115, 190], [217, 325], [16, 25], [130, 214], [53, 43], [138, 17], [50, 69], [304, 575], [173, 102], [28, 40], [49, 65]]
67 -> 68             [[29, 28], [611, 608], [41, 39], [379, 368], [659, 651], [499, 496], [624, 620], [828, 817], [137, 128], [1043, 1025], [681, 672], [171, 160], [129, 121], [141, 132], [457, 450], [173, 163], [3, 2], [479, 475], [360, 351], [261, 249], [501, 498], [401, 390], [177, 168], [89, 86], [836, 826], [37, 36], [404, 393], [587, 154], [174, 165], [145, 135], [240, 231], [100, 95], [586, 584], [190, 180], [325, 192], [25, 24], [214, 207], [43, 41], [17, 16], [69, 65], [102, 97], [40, 38], [65, 64]]
68 -> 69             [[950, 945], [361, 363], [9, 8], [274, 276], [32, 31], [264, 267], [11, 10], [1427, 1411], [28, 27], [120, 123], [525, 516], [339, 341], [39, 39], [119, 95], [496, 491], [651, 641], [368, 371], [817, 806], [620, 546], [128, 132], [1025, 900], [672, 660], [160, 165], [121, 124], [132, 137], [163, 168], [450, 447], [699, 252], [133, 138], [153, 159], [322, 323], [351, 352], [249, 253], [475, 473], [390, 393], [498, 493], [36, 35], [826, 815], [168, 172], [393, 397], [154, 578], [51, 50], [19, 18], [135, 140], [165, 169], [231, 235], [95, 98], [584, 577], [180, 184], [192, 195], [24, 23], [207, 209], [41, 41], [16, 15], [65, 67], [97, 100], [38, 38], [64, 63]]
69 -> 70             [[267, 265], [276, 273], [516, 507], [649, 643], [31, 33], [27, 28], [1411, 1415], [326, 220], [39, 41], [641, 635], [491, 480], [371, 363], [806, 809], [132, 130], [421, 407], [900, 1018], [165, 161], [124, 123], [137, 134], [168, 164], [447, 435], [252, 249], [2, 3], [473, 461], [138, 135], [159, 155], [253, 250], [323, 318], [352, 347], [493, 482], [393, 380], [815, 818], [72, 71], [172, 169], [35, 37], [343, 336], [397, 383], [578, 567], [50, 52], [18, 19], [140, 137], [169, 166], [235, 232], [98, 96], [184, 183], [577, 566], [195, 312], [23, 24], [209, 206], [41, 43], [15, 16], [67, 63], [100, 98], [38, 40], [63, 62]]
70 -> 71             [[273, 277], [11, 10], [33, 31], [265, 268], [1000, 1017], [1415, 1419], [788, 807], [28, 27], [41, 39], [122, 125], [480, 497], [635, 648], [363, 374], [809, 827], [130, 134], [407, 426], [533, 618], [1018, 143], [655, 669], [161, 165], [123, 126], [164, 168], [435, 455], [134, 138], [249, 279], [135, 139], [461, 480], [3, 2], [347, 356], [155, 159], [482, 499], [250, 255], [380, 396], [818, 838], [86, 89], [37, 35], [383, 399], [567, 584], [52, 51], [19, 18], [137, 141], [166, 169], [232, 235], [96, 100], [566, 583], [183, 186], [87, 90], [312, 198], [24, 23], [206, 210], [43, 41], [16, 15], [63, 66], [98, 102], [40, 38], [62, 65]]
71 -> 72             [[170, 170], [961, 945], [8, 8], [522, 518], [277, 277], [1017, 1003], [31, 32], [268, 267], [10, 10], [367, 361], [658, 657], [27, 27], [608, 605], [807, 796], [1419, 1403], [588, 325], [125, 124], [497, 489], [648, 648], [374, 368], [827, 813], [134, 134], [426, 419], [165, 165], [669, 666], [126, 125], [168, 168], [455, 445], [138, 139], [55, 708], [2, 2], [480, 469], [159, 159], [139, 140], [326, 322], [356, 352], [255, 251], [499, 491], [396, 389], [89, 88], [172, 172], [35, 36], [399, 393], [584, 580], [51, 51], [18, 18], [141, 142], [169, 169], [235, 231], [100, 99], [583, 579], [186, 185], [198, 316], [23, 23], [210, 207], [207, 96], [41, 42], [15, 15], [66, 68], [102, 101], [38, 39], [65, 63]]
72 -> 73             [[40, 40], [8, 9], [277, 270], [1003, 987], [32, 33], [267, 262], [10, 11], [796, 331], [1403, 1395], [27, 28], [3, 3], [124, 123], [325, 564], [368, 359], [648, 624], [489, 473], [813, 791], [134, 131], [419, 405], [908, 888], [165, 162], [125, 124], [139, 135], [168, 165], [445, 429], [2, 2], [469, 453], [140, 136], [352, 343], [322, 315], [251, 249], [491, 475], [389, 376], [247, 245], [822, 800], [88, 86], [341, 333], [172, 169], [36, 37], [393, 379], [580, 559], [18, 19], [51, 52], [169, 166], [142, 138], [231, 229], [99, 97], [579, 558], [185, 181], [316, 309], [23, 24], [207, 205], [42, 42], [15, 16], [68, 66], [101, 99], [39, 39], [63, 62]]
73 -> 74             [[270, 271], [262, 262], [33, 32], [28, 27], [11, 10], [1395, 1408], [40, 40], [123, 122], [473, 474], [624, 631], [359, 355], [791, 794], [131, 131], [888, 892], [646, 651], [162, 163], [124, 123], [135, 135], [165, 166], [429, 428], [674, 249], [156, 156], [453, 454], [2, 2], [343, 339], [249, 250], [475, 476], [376, 373], [800, 804], [169, 170], [37, 36], [379, 376], [559, 157], [52, 51], [19, 18], [138, 138], [166, 167], [229, 230], [97, 96], [558, 566], [181, 182], [309, 194], [24, 23], [205, 206], [42, 42], [16, 15], [66, 67], [99, 98], [39, 39], [62, 63]]
74 -> 75             [[32, 31], [991, 889], [262, 261], [271, 271], [27, 27], [777, 791], [1408, 1409], [122, 122], [474, 487], [631, 644], [355, 362], [794, 811], [131, 131], [892, 1018], [651, 664], [163, 164], [123, 123], [166, 167], [428, 441], [2, 2], [136, 136], [249, 247], [313, 319], [154, 155], [339, 347], [454, 468], [250, 248], [476, 489], [373, 381], [85, 86], [804, 821], [170, 172], [36, 35], [376, 384], [157, 158], [51, 49], [18, 18], [167, 169], [138, 140], [230, 230], [96, 96], [566, 572], [182, 183], [86, 87], [194, 312], [23, 23], [206, 207], [42, 40], [15, 15], [67, 62], [98, 98], [39, 37], [63, 61]]
75 -> 76             [[8, 8], [565, 562], [514, 508], [38, 40], [271, 273], [31, 32], [261, 264], [356, 354], [889, 1001], [1409, 1420], [27, 27], [791, 787], [487, 483], [644, 636], [362, 361], [611, 536], [811, 806], [131, 132], [1018, 1017], [164, 162], [123, 123], [135, 136], [167, 165], [441, 436], [247, 685], [136, 137], [468, 462], [2, 2], [319, 316], [347, 345], [248, 248], [381, 382], [489, 485], [172, 168], [821, 814], [35, 36], [384, 385], [86, 85], [158, 570], [49, 51], [18, 18], [140, 138], [169, 166], [230, 229], [96, 96], [572, 569], [312, 309], [23, 23], [207, 203], [40, 42], [15, 15], [62, 63], [98, 98], [37, 39], [61, 62]]
76 -> 77             [[562, 571], [8, 9], [167, 170], [32, 33], [273, 273], [1001, 1007], [264, 265], [27, 28], [1420, 1416], [40, 40], [122, 124], [595, 605], [54, 54], [636, 648], [361, 366], [483, 488], [806, 817], [132, 132], [1017, 1025], [657, 667], [162, 164], [123, 125], [136, 137], [165, 167], [436, 442], [55, 55], [685, 249], [137, 138], [156, 158], [462, 469], [316, 316], [345, 347], [248, 250], [485, 490], [382, 386], [814, 826], [36, 37], [168, 172], [85, 88], [385, 389], [570, 579], [18, 19], [51, 51], [166, 169], [138, 140], [229, 231], [96, 98], [569, 578], [181, 185], [309, 195], [23, 24], [203, 208], [42, 42], [15, 16], [63, 65], [98, 100], [39, 39], [62, 64]]
77 -> 78             [[571, 554], [9, 8], [358, 348], [11, 10], [1007, 993], [273, 265], [33, 32], [28, 27], [40, 40], [1416, 1404], [794, 778], [585, 568], [124, 119], [488, 474], [366, 355], [648, 630], [817, 799], [132, 128], [415, 404], [60, 14], [1025, 894], [667, 652], [164, 161], [125, 120], [137, 133], [167, 164], [442, 430], [249, 677], [2, 2], [469, 455], [158, 155], [347, 337], [250, 243], [490, 476], [386, 375], [826, 808], [389, 378], [37, 36], [579, 562], [51, 52], [19, 18], [140, 136], [169, 165], [231, 225], [98, 93], [578, 561], [185, 181], [89, 84], [195, 303], [24, 23], [208, 202], [42, 42], [16, 15], [65, 65], [100, 95], [39, 39], [64, 61]]
78 -> 79             [[554, 475], [501, 427], [993, 843], [257, 228], [265, 236], [32, 28], [27, 25], [587, 503], [630, 1856], [474, 404], [128, 112], [894, 759], [404, 347], [652, 551], [161, 139], [120, 104], [133, 115], [164, 141], [430, 368], [677, 214], [455, 390], [2, 2], [155, 134], [243, 215], [337, 293], [476, 406], [375, 329], [808, 682], [36, 32], [378, 331], [562, 482], [18, 260], [136, 117], [165, 143], [225, 199], [93, 85], [561, 481], [84, 77], [23, 22], [42, 38], [15, 15], [65, 60], [39, 35], [61, 56]]
79 -> 80             [[475, 455], [382, 364], [457, 704], [307, 296], [36, 34], [427, 410], [236, 222], [28, 26], [11, 10], [228, 215], [843, 802], [25, 443], [404, 385], [112, 108], [347, 331], [551, 521], [139, 132], [104, 100], [141, 134], [368, 351], [115, 111], [390, 370], [134, 127], [293, 285], [215, 203], [406, 387], [329, 311], [46, 43], [682, 647], [32, 30], [331, 312], [482, 128], [260, 250], [143, 136], [117, 114], [199, 189], [85, 80], [481, 459], [77, 72], [22, 21], [38, 36], [15, 14], [60, 56], [35, 33], [56, 51]]
80 -> 81             [[70, 64], [413, 397], [266, 253], [382, 370], [506, 486], [115, 113], [704, 671], [754, 721], [317, 306], [364, 353], [410, 394], [394, 149], [463, 441], [99, 95], [215, 201], [26, 23], [4, 498], [478, 459], [3, 58], [385, 373], [108, 104], [331, 319], [521, 507], [132, 129], [13, 10], [100, 96], [134, 131], [351, 339], [111, 109], [555, 42], [370, 359], [2, 2], [285, 272], [203, 190], [387, 375], [311, 299], [43, 106], [647, 616], [30, 27], [312, 300], [128, 125], [250, 237], [114, 112], [136, 132], [189, 176], [80, 74], [459, 437], [21, 18], [36, 32], [14, 11], [56, 48], [33, 30], [51, 47]]
81 -> 82             [[183, 188], [134, 135], [213, 220], [3, 3], [208, 215], [113, 114], [253, 255], [370, 369], [397, 400], [306, 304], [671, 666], [353, 350], [486, 488], [721, 462], [94, 97], [394, 397], [23, 23], [201, 208], [762, 756], [7, 7], [373, 372], [104, 106], [319, 317], [129, 130], [507, 504], [96, 99], [131, 132], [339, 336], [359, 357], [2, 2], [190, 195], [375, 374], [272, 273], [299, 298], [197, 204], [106, 108], [616, 609], [27, 27], [300, 299], [125, 126], [237, 240], [132, 133], [176, 182], [74, 78], [437, 439], [66, 69], [18, 18], [32, 31], [11, 11], [48, 52], [30, 29], [47, 47]]
82 -> 83             [[525, 529], [67, 67], [188, 56], [135, 133], [400, 401], [647, 617], [114, 113], [255, 255], [215, 211], [304, 305], [488, 489], [350, 354], [369, 372], [666, 669], [97, 95], [462, 720], [397, 398], [23, 24], [208, 203], [497, 465], [756, 585], [60, 60], [7, 8], [372, 374], [106, 104], [468, 472], [317, 318], [130, 128], [111, 109], [99, 97], [132, 130], [336, 340], [2, 3], [70, 70], [357, 361], [273, 272], [125, 124], [195, 190], [374, 376], [298, 299], [108, 106], [609, 616], [68, 68], [27, 28], [299, 300], [113, 111], [126, 445], [240, 239], [133, 131], [182, 177], [78, 77], [439, 444], [69, 69], [18, 19], [63, 63], [31, 33], [11, 12], [52, 53], [29, 31], [47, 49]]
83 -> 84             [[255, 981], [372, 425], [305, 446], [211, 671], [489, 2893], [354, 4354], [669, 1658], [113, 815], [95, 1626], [720, 346], [449, 173], [398, 507], [284, 541], [24, 1371], [203, 745], [374, 2775], [104, 1009], [472, 1000], [318, 434], [509, 174], [128, 2739], [97, 239], [109, 2852], [130, 4822], [340, 4198], [587, 181], [3, 706], [361, 655], [124, 471], [70, 577], [272, 2781], [190, 896], [376, 4125], [299, 307], [106, 1191], [28, 1286], [300, 2667], [111, 480], [445, 509], [239, 492], [131, 247], [177, 472], [77, 964], [444, 431], [19, 475], [75, 266], [33, 524], [12, 2016], [53, 2857], [31, 728], [49, 2404]]
