[Sim1->Si] [Cid_im10,Cid_im11,Cid_im12] [Cid_i0,Cid_i1,Cid_i2] [IS_0, IS_1, IS_2] [Sz_im10,Sz_im11,Sz_im12] [Sz_i0,Sz_i1,Sz_i2] [RankSz_im10,RankSz_im11,RankSz_im12] [RankSz_i0,RankSz_i1,RankSz_i2]
1->2 9,2129,89 8,1529,89 0.9870086608927382,0.9895287958115183,0.9901804670912951 8,59,6 8,57,6
2->3 0,8,89 0,9,82 0.9872796250836867,0.9893439893439894,0.9893899204244032 3,8,6 3,8,6
3->4 82,9,2083 86,9,1659 0.9854458851548028,0.9860557768924303,0.9946714031971581 6,8,58 6,8,57
4->5 0,9,86 0,8,84 0.9870680044593088,0.9877076411960133,0.9888238424693986 3,8,6 3,7,6
5->6 0,8,84 0,8,87 0.9861545332737829,0.9873333333333333,0.9909309149106429 3,7,6 3,7,6
6->7 862,0,87 864,0,84 0.985981308411215,0.9899373881932021,0.9901804670912951 78,3,6 77,4,6
7->8 9,1666,207 9,2047,205 0.9876336898395722,0.9894736842105263,0.994280266920877 7,58,30 7,59,30
8->9 86,205,9 90,211,9 0.9872408293460925,0.9895931882686849,0.9903010033444816 6,30,7 6,29,7
9->10 852,2067,90 847,1812,91 0.9905882352941177,0.9911032028469751,0.9920212765957447 74,57,6 73,57,6
10->11 9,206,847 9,203,831 0.9873586161011311,0.9904761904761905,0.9906976744186047 7,31,73 7,29,75
11->12 1784,831,87 2001,822,87 0.9877622377622378,0.9883449883449883,0.9909646558596864 56,75,6 56,74,6
12->13 0,203,822 0,195,820 0.9872909698996656,0.990467111534795,0.9907192575406032 3,30,74 4,30,74
13->14 8,82,2005 9,87,2010 0.9873459873459873,0.9885699096225412,0.9876106194690265 7,6,57 7,6,55
14->15 833,0,204 836,0,208 0.9884259259259259,0.9897252624525352,0.9933142311365807 73,4,30 74,3,29
15->16 9,836,88 9,810,86 0.9883527454242929,0.9930394431554525,0.9901648059542797 7,74,6 7,75,6
16->17 1584,0,86 2010,0,86 0.9859402460456942,0.9863991081382386,0.9898936170212767 56,3,6 55,3,6
17->18 2010,0,86 1934,0,84 0.9876543209876543,0.9888218198077353,0.9901856763925729 55,3,6 55,4,6
18->19 194,0,802 196,0,780 0.9903846153846154,0.9919445066010293,0.9929742388758782 30,4,77 28,2,72
19->20 0,84,1896 0,80,1802 0.9875444839857651,0.9880731513384574,0.9929947460595446 2,5,54 2,5,55
20->21 0,80,747 0,82,780 0.9853528628495339,0.9872611464968153,0.9884526558891455 2,5,72 3,5,72
21->22 82,1862,191 83,1622,193 0.9898828541001065,0.9911816578483245,0.9951969260326609 5,54,29 5,53,29
22->23 16,83,0 17,84,0 0.9876644736842105,0.9883227176220807,0.9877560106856634 9,5,2 9,5,3
23->24 84,17,0 122,28,0 0.9877984084880637,0.9900990099009901,0.990627092166927 5,9,3 5,8,3
24->25 122,0,28 128,0,29 0.988319617732944,0.9888417763891988,0.9897330595482546 5,3,8 5,3,9
25->26 0,143,128 0,138,125 0.9890527256478999,0.9894128970163619,0.9925690021231423 3,28,5 3,29,5
26->27 907,0,29 904,0,28 0.986013986013986,0.987957181088314,0.9884393063583815 73,3,8 72,3,9
27->28 0,133,1049 0,138,1050 0.9881378692927484,0.989433237271854,0.9911816578483245 3,29,51 3,28,51
28->29 0,138,124 0,138,125 0.9886033519553072,0.9923224568138196,0.9888446215139443 3,28,5 3,28,5
29->30 125,138,1039 121,136,989 0.9896496815286624,0.9913710450623202,0.9964285714285714 5,28,50 5,28,53
30->31 121,0,31 118,0,27 0.986228813559322,0.9879032258064516,0.9884153909805544 5,3,9 5,2,8
31->32 27,0,118 27,0,115 0.9872322899505767,0.9888168195034668,0.992822966507177 8,2,5 8,1,4
32->33 979,832,1266 953,820,1241 0.9888475836431226,0.9907192575406032,1.0 52,67,96 48,66,95
33->34 119,1241,0 115,1233,0 0.9894123875066173,1.0,0.9894571556751907 4,95,1 4,95,1
34->35 24,115,0 26,116,0 0.9896779521056978,0.9912559618441972,0.9908009872111285 7,4,1 7,4,1
35->36 116,0,1231 114,0,1224 0.9899417681312864,0.9910313901345291,0.9933110367892977 4,1,93 3,1,95
36->37 25,1224,124 26,1203,125 0.9880115750310046,0.9966329966329966,0.9901574803149606 7,95,24 6,91,24
37->38 0,114,1203 0,114,1211 0.9910172917134517,0.9917750066330592,0.9966442953020134 1,4,91 1,3,90
38->39 114,127,1211 107,120,1192 0.9912652196929592,0.9920870425321464,1.0 3,24,90 4,24,90
39->40 0,1192,107 0,1144,105 0.9890134529147983,0.9899328859060402,0.9923280423280423 1,90,4 1,90,3
40->41 25,0,105 24,0,108 0.986782321354812,0.9872139973082099,0.9896961690885072 6,1,3 6,1,3
41->42 0,108,1162 0,99,1084 0.9896999552171966,0.9909933774834437,0.9965753424657534 1,3,88 1,3,87
42->43 1603,0,21 1581,0,21 0.9831730769230769,0.9854455888938648,0.9900703351261895 62,1,6 58,0,5
43->44 21,896,1086 22,886,1072 0.9909128459314333,0.9911764705882353,0.9922178988326849 5,72,95 5,70,93
44->45 22,98,0 21,95,0 0.9868366927190456,0.9912,0.9894453177633057 5,2,0 5,2,0
45->46 0,95,21 0,95,20 0.9858776059179556,0.9906542056074766,0.9892384105960265 0,2,5 0,2,6
46->47 20,857,0 19,803,0 0.9880264244426095,0.9913294797687862,0.9903174960594461 6,69,0 5,68,0
47->48 1042,0,91 1025,0,90 0.9838056680161943,0.9843225083986562,0.9919743178170144 99,0,2 88,0,2
48->49 0,90,790 0,93,796 0.9860705459447315,0.9898585535094743,0.9940298507462687 0,2,66 0,2,66
49->50 93,1027,0 88,1015,0 0.9909139497594869,1.0,0.9914337240757439 2,90,0 2,90,0
50->51 0,1015,88 0,972,83 0.9871737173717372,0.9878542510121457,0.9909188034188035 0,90,2 1,89,2
51->52 83,0,972 78,0,955 0.9903846153846154,0.9909584086799277,0.9959016393442623 2,1,89 2,0,84
52->53 955,0,78 944,0,79 0.9877551020408163,0.9900677200902934,0.9911670235546038 84,0,2 82,0,2
53->54 944,0,18 935,0,18 0.9918032786885246,0.9923163841807909,0.9936204146730463 82,0,30 81,0,30
54->55 18,0,935 16,0,930 0.9889415481832543,0.9920957542908763,0.9959016393442623 30,0,81 30,0,79
55->56 16,79,0 17,76,0 0.990521327014218,0.990909090909091,0.9950248756218906 30,2,0 29,2,0
56->57 17,76,939 18,73,907 0.9905808477237049,0.9911764705882353,0.9958847736625515 29,2,83 28,2,83
57->58 907,289,1675 877,290,1573 0.9918032786885246,0.9922178988326849,0.9956896551724138 83,75,92 76,67,88
58->59 1188,877,16 1091,798,12 0.9906103286384976,0.9917695473251029,0.9936708860759493 45,76,28 41,71,26
59->60 352,12,342 74,22,503 0.9899553571428571,0.9905660377358491,1.0 17,26,96 13,22,85
60->61 535,226,22 402,178,19 0.9815242494226328,0.9850746268656716,0.9920760697305864 35,94,22 31,72,18
61->62 116,346,376 108,329,354 1.0,1.0,1.0 90,74,75 63,46,47
62->63 280,517,108 274,505,108 0.9961977186311787,1.0,1.0 36,64,63 36,62,61
63->64 274,1865,108 275,1861,108 1.0,1.0,1.0 36,91,61 34,84,59
64->65 501,935,348 503,938,352 1.0,1.0,1.0 61,66,47 59,65,46
65->66 602,104,352 595,103,346 1.0,1.0,1.0 81,58,46 75,59,47
66->67 103,346,935 173,501,1278 1.0,1.0,1.0 59,47,65 57,49,65
67->68 828,501,457 817,498,450 1.0,1.0,1.0 79,49,58 65,36,50
68->69 651,390,351 641,393,352 1.0,1.0,1.0 71,37,40 74,37,39
69->70 806,168,165 809,164,161 1.0,1.0,1.0 70,52,56 67,53,55
70->71 482,461,164 499,480,168 1.0,1.0,1.0 39,45,53 37,44,52
71->72 499,396,168 491,389,168 1.0,1.0,1.0 37,36,52 37,35,50
72->73 168,491,445 165,475,429 1.0,1.0,1.0 50,37,49 53,38,52
73->74 165,624,453 166,631,454 1.0,1.0,1.0 53,73,45 51,72,39
74->75 428,794,631 441,811,644 1.0,1.0,1.0 50,69,72 50,64,69
75->76 441,38,811 436,40,806 1.0,1.0,1.0 50,92,64 51,83,66
76->77 165,636,436 167,648,442 1.0,1.0,1.0 52,72,51 51,73,50
77->78 167,442,40 164,430,40 1.0,1.0,1.0 51,50,85 53,52,77
78->79 257,430,164 228,368,141 1.0,1.0,1.0 93,52,53 75,45,46
79->80 406,331,141 387,312,134 1.0,1.0,1.0 34,25,46 28,21,42
80->81 312,351,266 300,339,253 0.9962406015037594,1.0,1.0 21,41,96 21,41,89
81->82 339,253,190 336,255,195 1.0,1.0,1.0 41,89,34 40,89,30
82->83 208,336,97 203,340,95 1.0,1.0,1.0 67,40,77 65,39,74
83->84 376,255,95 4125,981,1626 1.0,1.0,1.0 28,93,74 29,87,73
