Slice i -> i+1      Cluster ID i,i+1      Cluster size i,i+1                             Intersects                           Intersect ids
1->2                     94,93               10497,10422            0.9160712584547966,0.010669715156711442,0.006478041345146232            93,60,846
2->3                     93,92               10422,10543            0.9205526770293609,0.007867971598541548,0.007196315486470927            92,55,834
3->4                     92,99               10543,10554            0.917196243953334,0.010054064308071707,0.0052167314806032435            99,58,822
4->5                     99,96               10554,10461            0.9137767671025204,0.008622323289747963,0.006822057987492893            96,56,117
5->6                     96,100               10461,10554            0.9245770002867795,0.007073893509224739,0.006500334576044355            100,58,843
6->7                     100,94               10554,10463            0.9134925146863748,0.009854083759711958,0.006443054765965511            94,57,113
7->8                     94,99               10463,10553            0.9239223931950683,0.007741565516582242,0.006021217624008411            99,58,533
8->9                     99,103               10553,10600            0.9180327868852459,0.007580782715815408,0.0070122240121292525            103,60,119
9->10                     103,67               10600,10531            0.9117924528301887,0.009622641509433962,0.006415094339622641            67,61,118
10->11                     67,100               10531,10467            0.9143481150887854,0.008641154686164656,0.006741999810084513            100,59,532
11->12                     100,93               10467,10696            0.9269131556319863,0.008120760485334862,0.0052546097258049105            93,59,522
12->13                     93,87               10696,10559            0.9106207928197457,0.008133881824981301,0.006824981301421092            87,800,56
13->14                     87,91               10559,10666            0.9226252486030874,0.006629415664362155,0.005303532531489724            91,60,532
14->15                     91,102               10666,10481            0.9104631539471217,0.007781736358522408,0.006750421901368836            102,60,118
15->16                     102,53               10481,10541            0.9223356549947525,0.007919091689724263,0.007346627230226123            53,58,113
16->17                     53,84               10541,10613            0.9242956076273598,0.008253486386490845,0.006545868513423774            84,115,58
17->18                     84,95               10613,10528            0.9154810138509375,0.006313012343352492,0.005653443889569396            95,55,108
18->19                     95,97               10528,10663            0.926766717325228,0.00816869300911854,0.007123860182370821            97,762,58
19->20                     97,92               10663,10555            0.9181281065366219,0.006564756635093314,0.0061896276845165524            92,53,482
20->21                     92,94               10555,10642            0.9296068214116533,0.0072003789673140695,0.006347702510658456            94,56,761
21->22                     94,95               10642,10588            0.9235106183048299,0.006671678255966923,0.005919939860928397            95,56,109
22->23                     95,96               10588,10556            0.9230260672459388,0.006705704571212693,0.005950132225160559            96,581,58
23->24                     96,90               10556,10534            0.9240242516104585,0.007104964001515726,0.0060629026146267525            90,36,244
24->25                     90,38               10534,10639            0.9264287070438579,0.0064552876400227836,0.005980634137079932            38,181,37
25->26                     38,95               10639,10594            0.9198232916627502,0.007801485101983269,0.006109596766613403            95,173,37
26->27                     95,90               10594,10556            0.9227864829148574,0.006796299792335284,0.005663583160279403            90,35,169
27->28                     90,40               10556,10610            0.9322660098522167,0.006252368321333838,0.0060629026146267525            40,39,173
28->29                     40,40               10610,10598            0.9270499528746465,0.0064090480678605085,0.005937794533459001            40,39,244
29->30                     40,237               10598,10557            0.9271560671824872,0.007642951500283072,0.006038875259482921            237,318,120
30->31                     237,803               10557,7967            0.6877900918821634,0.005588708913517097,0.0020839253575826466            803,117,602
31->32                     803,114               7967,3942            0.007405547885025731,0.005271745952052215,0.0037655328228944395            114,475,46
32->33                     114,118               3942,3891            0.8972602739726028,0.0045662100456621,0.00380517503805175            118,109,457
33->34                     118,114               3891,3859            0.8946286301721922,0.004112053456694937,0.003341043433564636            114,48,461
34->35                     114,115               3859,3892            0.8968644726613112,0.0038870173620108835,0.003627882871210158            115,110,1139
35->36                     115,113               3892,3761            0.8794964028776978,0.0035971223021582736,0.0028263103802672147            113,91,331
36->37                     113,113               3761,3818            0.8978994948152087,0.0029247540547726668,0.0026588673225206062            113,566,448
37->38                     113,113               3818,3749            0.894185437401781,0.0041906757464641176,0.003666841278156103            113,92,459
38->39                     113,106               3749,3818            0.9061082955454788,0.0032008535609495867,0.0029341157642037877            106,381,556
39->40                     106,104               3818,3766            0.8860660031430068,0.0041906757464641176,0.003143006809848088            104,277,50
40->41                     104,106               3766,3638            0.8736059479553904,0.003186404673393521,0.0029208709506107276            106,177,91
41->42                     106,98               3638,3649            0.90021990104453,0.0035733919736118747,0.002473886750962067            98,166,42
42->43                     98,95               3649,2705            0.6675801589476569,0.004658810633050151,0.0038366675801589476            95,412,81
43->44                     95,97               2705,2703            0.9064695009242144,0.005914972273567467,0.0029574861367837337            97,3315,96
44->45                     97,94               2703,2709            0.9049204587495375,0.004809470958194599,0.003699593044765076            94,411,80
45->46                     94,94               2709,2709            0.9114064230343301,0.009966777408637873,0.004060538944259874            94,52,88
46->47                     94,90               2709,2730            0.9066076042820229,0.0036913990402362494,0.0033222591362126247            90,84,93
47->48                     90,89               2730,2637            0.8761904761904762,0.00402930402930403,0.0032967032967032967            89,1574,151
48->49                     89,92               2637,2679            0.9215017064846417,0.004171406901782328,0.0022753128555176336            92,86,157
49->50                     92,87               2679,2666            0.9107876073161627,0.004106009705113848,0.0022396416573348264            87,82,38
50->51                     87,231               2666,2691            0.9058514628657164,0.004876219054763691,0.003000750187546887            231,372,358
51->52                     231,208               2691,2615            0.875139353400223,0.0033444816053511705,0.0029728725380899295            208,339,73
52->53                     208,209               2615,2562            0.892925430210325,0.01338432122370937,0.0030592734225621415            209,318,293
53->54                     209,203               2562,2565            0.914519906323185,0.00351288056206089,0.00273224043715847            203,130,238
54->55                     203,206               2565,2597            0.9169590643274854,0.0027290448343079924,0.0023391812865497076            206,5388,74
55->56                     206,208               2597,2585            0.9072006160954948,0.0034655371582595304,0.0030804774740084712            208,334,5650
56->57                     208,194               2585,2571            0.9083172147001934,0.005802707930367505,0.005029013539651838            194,2673,75
57->58                     194,254               2571,2515            0.8930377285103073,0.003500583430571762,0.0027226760015558148            254,220,119
58->59                     254,174               2515,2520            0.9129224652087475,0.003976143141153081,0.002385685884691849            174,207,63
59->60                     174,77               2520,2370            0.8571428571428571,0.0031746031746031746,0.002380952380952381            77,208,61
60->61                     77,227               2370,2310            0.8928270042194093,0.0037974683544303796,0.0037974683544303796            227,44,2609
61->62                     227,180               2310,1686            0.6584415584415585,0.004761904761904762,0.003463203463203463            180,206,42
62->63                     180,306               1686,1550            0.8434163701067615,0.005931198102016607,0.004744958481613286            306,119,139
63->64                     306,175               1550,1405            0.8529032258064516,0.005806451612903226,0.003870967741935484            175,119,162
64->65                     175,310               1405,1399            0.9252669039145908,0.00498220640569395,0.004270462633451958            310,115,42
65->66                     310,304               1399,1409            0.9278055754110078,0.005003573981415297,0.004288777698355968            304,20,68
66->67                     304,575               1409,1394            0.9226401703335699,0.0056777856635912,0.0035486160397444995            575,242,93
67->68                     575,373               1394,815            0.009325681492109038,0.005021520803443328,0.003586800573888092            373,204,80
68->69                     373,233               815,815            0.8957055214723927,0.013496932515337423,0.007361963190184049            233,81,205
69->70                     233,230               815,823            0.8907975460122699,0.01717791411042945,0.007361963190184049            230,80,218
70->71                     230,233               823,821            0.8784933171324423,0.015795868772782502,0.007290400972053463            233,83,222
71->72                     233,373               821,827            0.8891595615103532,0.008526187576126675,0.008526187576126675            373,82,3106
72->73                     373,316               827,859            0.8863361547762999,0.009673518742442563,0.007255139056831923            316,1878,201
73->74                     316,29               859,811            0.8335273573923166,0.024447031431897557,0.018626309662398137            29,743,79
74->75                     29,228               811,881            0.9025893958076449,0.011097410604192354,0.008631319358816275            228,80,1169
75->76                     228,29               881,848            0.8694665153234961,0.007945516458569807,0.007945516458569807            29,79,1542
76->77                     29,371               848,817            0.8797169811320755,0.020047169811320754,0.01179245283018868            371,1037,82
77->78                     371,359               817,871            0.8971848225214198,0.011015911872705019,0.0073439412484700125            359,77,109
78->79                     359,197               871,851            0.8599311136624569,0.016073478760045924,0.011481056257175661            197,71,1256
79->80                     197,85               851,846            0.8848413631022327,0.0199764982373678,0.010575793184488837            85,598,66
80->81                     85,291               846,847            0.8912529550827423,0.016548463356973995,0.00591016548463357            291,60,157
81->82                     291,180               847,344            0.36717827626918537,0.02243211334120425,0.008264462809917356            180,63,161
82->83                     180,292               344,307            0.8372093023255814,0.02616279069767442,0.00872093023255814            292,63,75
83->84                     292,35               307,229            0.6351791530944625,0.013029315960912053,0.009771986970684038            35,52,266
